#ID=PREDICTION;GOLDSTANDARD;THRESHOLD
#labels 0=AGAINST 1=FAVOR 2=NEUTRAL
4243=0,0,1;1,0,0
4065=0,0,1;1,0,0
4219=1,0,0;1,0,0
4308=0,0,1;1,0,0
4080=0,0,1;1,0,0
4259=0,0,1;1,0,0
4019=0,0,1;1,0,0
4275=0,0,1;1,0,0
4292=0,0,1;1,0,0
3951=0,0,1;1,0,0
4202=0,0,1;1,0,0
4307=0,0,1;1,0,0
4066=0,0,1;1,0,0
4244=0,0,1;1,0,0
4220=0,0,1;1,0,0
4169=0,0,1;1,0,0
4258=0,0,1;1,0,0
3905=0,0,1;1,0,0
4153=0,0,1;1,0,0
4103=0,0,1;1,0,0
4228=0,0,1;1,0,0
4274=0,0,1;1,0,0
4136=0,0,1;1,0,0
3964=1,0,0;1,0,0
3952=0,0,1;1,0,0
4123=0,0,1;1,0,0
4291=0,0,1;1,0,0
4261=1,0,0;1,0,0
4217=1,0,0;1,0,0
4310=1,0,0;1,0,0
3918=1,0,0;1,0,0
4067=0,0,1;1,0,0
3933=0,0,1;1,0,0
4006=0,0,1;1,0,0
3967=0,0,1;1,0,0
4185=0,0,1;1,0,0
4225=0,0,1;1,0,0
4200=0,0,1;1,0,0
3975=0,0,1;1,0,0
3991=0,0,1;1,0,0
4277=0,0,1;1,0,0
4309=1,0,0;1,0,0
3919=0,0,1;1,0,0
4218=1,0,0;1,0,0
4260=0,0,1;1,0,0
4077=0,0,1;1,0,0
3934=0,0,1;1,0,0
4276=0,0,1;1,0,0
4053=0,0,1;1,0,0
4293=0,0,1;1,0,0
4226=0,0,1;1,0,0
3974=0,0,1;1,0,0
3950=0,0,1;1,0,0
4084=0,0,1;1,0,0
4263=0,0,1;1,0,0
4223=0,0,1;1,0,0
4061=0,0,1;1,0,0
3931=0,0,1;1,0,0
4174=1,0,0;1,0,0
4117=1,0,0;1,0,0
4312=0,0,1;1,0,0
4134=0,0,1;1,0,0
4247=0,0,1;1,0,0
3961=0,0,1;1,0,0
4015=0,0,1;1,0,0
4296=0,0,1;1,0,0
4231=0,0,1;1,0,0
4191=0,0,1;1,0,0
4206=0,0,1;1,0,0
4313=0,0,1;1,0,0
4141=1,0,0;1,0,0
4279=0,0,1;1,0,0
4046=0,0,1;1,0,0
3932=1,0,0;1,0,0
4224=0,0,1;1,0,0
4062=0,0,1;1,0,0
4118=0,0,1;1,0,0
4248=0,0,1;1,0,0
4311=1,0,0;1,0,0
4016=0,0,1;1,0,0
4232=1,0,0;1,0,0
4119=0,0,1;1,0,0
4278=0,0,1;1,0,0
4207=1,0,0;1,0,0
4000=1,0,0;1,0,0
4295=0,0,1;1,0,0
3901=0,0,1;1,0,0
3948=0,0,1;1,0,0
4063=0,0,1;1,0,0
4298=0,0,1;1,0,0
4002=0,0,1;1,0,0
4221=0,0,1;1,0,0
4082=0,0,1;1,0,0
4245=0,0,1;1,0,0
4017=0,0,1;1,0,0
3914=0,0,1;1,0,0
4282=1,0,0;1,0,0
3971=0,0,1;1,0,0
4204=1,0,0;1,0,0
4139=0,0,1;1,0,0
4265=0,0,1;1,0,0
3963=0,0,1;1,0,0
3898=0,0,1;1,0,0
4229=0,0,1;1,0,0
3987=0,0,1;1,0,0
4315=0,0,1;1,0,0
3945=0,0,1;1,0,0
4048=0,0,1;1,0,0
4222=0,0,1;1,0,0
4264=0,0,1;1,0,0
4001=0,0,1;1,0,0
4297=0,0,1;1,0,0
4064=0,0,1;1,0,0
4246=1,0,0;1,0,0
3970=1,0,0;1,0,0
4096=0,0,1;1,0,0
4230=0,0,1;1,0,0
3962=1,0,0;1,0,0
3946=0,0,1;1,0,0
4121=0,0,1;1,0,0
4314=0,0,1;1,0,0
4049=0,0,1;1,0,0
4280=0,0,1;1,0,0
4205=1,0,0;1,0,0
4188=0,0,1;1,0,0
4316=0,0,1;1,0,0
4211=0,0,1;1,0,0
4300=0,0,1;1,0,0
4012=0,0,1;1,0,0
4284=0,0,1;1,0,0
4113=0,0,1;1,0,0
4073=0,0,1;1,0,0
4130=0,0,1;1,0,0
3928=0,0,1;1,0,0
4267=0,0,1;1,0,0
4145=0,0,1;1,0,0
3912=0,0,1;1,0,0
3981=0,0,1;1,0,0
4252=0,0,1;1,0,0
4161=0,0,1;1,0,0
4317=0,0,1;1,0,0
3957=0,0,1;1,0,0
4087=1,0,0;1,0,0
4299=0,0,1;1,0,0
4236=0,0,1;1,0,0
4212=0,0,1;1,0,0
4266=1,0,0;1,0,0
4283=1,0,0;1,0,0
4131=0,0,1;1,0,0
3944=0,0,1;1,0,0
4178=1,0,0;1,0,0
4318=0,0,1;1,0,0
4249=0,0,1;1,0,0
4209=0,0,1;1,0,0
4160=0,0,1;1,0,0
4115=0,0,1;1,0,0
4302=0,0,1;1,0,0
4269=0,0,1;1,0,0
4285=0,0,1;1,0,0
3926=1,0,0;1,0,0
4177=0,0,1;1,0,0
4060=0,0,1;1,0,0
3999=0,0,1;1,0,0
4208=0,0,1;1,0,0
4143=1,0,0;1,0,0
4085=0,0,1;1,0,0
4159=0,0,1;1,0,0
3997=1,0,0;1,0,0
4210=0,0,1;1,0,0
3942=0,0,1;1,0,0
4133=0,0,1;1,0,0
4013=0,0,1;1,0,0
4142=0,0,1;1,0,0
4268=0,0,1;1,0,0
4301=0,0,1;1,0,0
3998=0,0,1;1,0,0
4234=0,0,1;1,0,0
3958=1,0,0;1,0,0
4251=0,0,1;1,0,0
4271=0,0,1;1,0,0
4109=0,0,1;1,0,0
4150=0,0,1;1,0,0
4100=0,0,1;1,0,0
4287=0,0,1;1,0,0
4076=0,0,1;1,0,0
3939=0,0,1;1,0,0
4054=0,0,1;1,0,0
4304=0,0,1;1,0,0
4183=0,0,1;1,0,0
4239=0,0,1;1,0,0
4126=0,0,1;1,0,0
4319=0,0,1;1,0,0
3953=1,0,0;1,0,0
4270=0,0,1;1,0,0
4007=0,0,1;1,0,0
4149=0,0,1;1,0,0
4070=0,0,1;1,0,0
3924=0,0,1;1,0,0
4286=0,0,1;1,0,0
4216=0,0,1;1,0,0
4075=0,0,1;1,0,0
3925=0,0,1;1,0,0
4199=0,0,1;1,0,0
3940=0,0,1;1,0,0
4303=0,0,1;1,0,0
4240=0,0,1;1,0,0
4148=0,0,1;1,0,0
3909=0,0,1;1,0,0
4253=0,0,1;1,0,0
4306=1,0,0;1,0,0
4257=0,0,1;1,0,0
4213=0,0,1;1,0,0
4074=0,0,1;1,0,0
4196=0,0,1;1,0,0
4273=0,0,1;1,0,0
3995=1,0,0;1,0,0
4147=0,0,1;1,0,0
4290=0,0,1;1,0,0
4181=0,0,1;1,0,0
4256=1,0,0;1,0,0
4237=1,0,0;1,0,0
3890=0,0,1;1,0,0
4254=0,0,1;1,0,0
4272=0,0,1;1,0,0
4305=0,0,1;1,0,0
4112=0,0,1;1,0,0
4072=0,0,1;1,0,0
4288=0,0,1;1,0,0
3922=0,0,1;1,0,0
4197=0,0,1;1,0,0
4129=0,0,1;1,0,0
4057=1,0,0;1,0,0
4146=0,0,1;1,0,0
4255=0,0,1;1,0,0
4238=0,0,1;1,0,0
4163=1,0,0;1,0,0
3891=0,0,1;1,0,0
4154=0,0,1;0,1,0
4095=0,0,1;0,1,0
4034=0,0,1;0,1,0
4227=0,0,1;0,1,0
3973=1,0,0;0,1,0
3904=0,0,1;0,1,0
3936=0,0,1;0,1,0
3988=0,0,1;0,1,0
4241=0,0,1;0,1,0
4294=1,0,0;0,1,0
4052=0,0,1;0,1,0
4101=0,0,1;0,1,0
4242=0,0,1;0,1,0
4030=0,0,1;0,1,0
4262=0,0,1;0,1,0
4173=0,0,1;0,1,0
4281=1,0,0;0,1,0
4033=0,0,1;0,1,0
3986=1,0,0;0,1,0
4027=1,0,0;0,1,0
4235=0,0,1;0,1,0
4028=0,0,1;0,1,0
4114=0,0,1;0,1,0
4233=0,0,1;0,1,0
4250=1,0,0;0,1,0
4215=0,0,1;0,1,0
4038=0,0,1;0,1,0
4055=0,0,1;0,1,0
3976=0,0,1;0,1,0
4090=0,0,1;0,1,0
4039=0,0,1;0,1,0
4182=0,0,1;0,1,0
4164=0,0,1;0,1,0
4098=0,0,1;0,1,0
3907=0,0,1;0,1,0
4214=1,0,0;0,1,0
3978=0,0,1;0,1,0
4289=0,0,1;0,1,0
3935=1,0,0;0,0,1
4105=0,0,1;0,0,1
3889=0,0,1;0,0,1
4004=1,0,0;0,0,1
3920=0,0,1;0,0,1
4170=0,0,1;0,0,1
4104=0,0,1;0,0,1
3989=0,0,1;0,0,1
4137=0,0,1;0,0,1
4050=0,0,1;0,0,1
4122=0,0,1;0,0,1
4187=0,0,1;0,0,1
3965=0,0,1;0,0,1
4106=0,0,1;0,0,1
4003=0,0,1;0,0,1
4020=0,0,1;0,0,1
4079=0,0,1;0,0,1
4035=0,0,1;0,0,1
3972=0,0,1;0,0,1
4094=0,0,1;0,0,1
4186=0,0,1;0,0,1
4051=0,0,1;0,0,1
4203=0,0,1;0,0,1
4168=0,0,1;0,0,1
4107=0,0,1;0,0,1
4021=0,0,1;0,0,1
4152=0,0,1;0,0,1
4102=0,0,1;0,0,1
4078=0,0,1;0,0,1
3888=0,0,1;0,0,1
4036=0,0,1;0,0,1
4135=0,0,1;0,0,1
3949=0,0,1;0,0,1
4093=0,0,1;0,0,1
3902=0,0,1;0,0,1
4124=0,0,1;0,0,1
4022=0,0,1;0,0,1
4167=0,0,1;0,0,1
4108=0,0,1;0,0,1
4068=0,0,1;0,0,1
4151=0,0,1;0,0,1
4005=0,0,1;0,0,1
3966=0,0,1;0,0,1
4092=0,0,1;0,0,1
4184=0,0,1;0,0,1
3903=0,0,1;0,0,1
4037=0,0,1;0,0,1
4201=0,0,1;0,0,1
3990=0,0,1;0,0,1
4125=0,0,1;0,0,1
4158=0,0,1;0,0,1
3916=0,0,1;0,0,1
4031=0,0,1;0,0,1
3969=0,0,1;0,0,1
3900=0,0,1;0,0,1
3985=0,0,1;0,0,1
3947=0,0,1;0,0,1
4157=0,0,1;0,0,1
4083=0,0,1;0,0,1
3984=0,0,1;0,0,1
3917=0,0,1;0,0,1
4190=0,0,1;0,0,1
4140=1,0,0;0,0,1
4047=0,0,1;0,0,1
3960=0,0,1;0,0,1
4172=0,0,1;0,0,1
3929=0,0,1;0,0,1
4156=0,0,1;0,0,1
4189=0,0,1;0,0,1
4032=0,0,1;0,0,1
4120=0,0,1;0,0,1
3930=0,0,1;0,0,1
4171=0,0,1;0,0,1
4081=0,0,1;0,0,1
4018=0,0,1;0,0,1
4155=0,0,1;0,0,1
3915=0,0,1;0,0,1
4138=0,0,1;0,0,1
3899=1,0,0;0,0,1
4162=0,0,1;0,0,1
4088=0,0,1;0,0,1
3927=0,0,1;0,0,1
3943=0,0,1;0,0,1
4058=0,0,1;0,0,1
4042=1,0,0;0,0,1
4011=1,0,0;0,0,1
3913=0,0,1;0,0,1
4194=0,0,1;0,0,1
4195=0,0,1;0,0,1
3996=1,0,0;0,0,1
3897=0,0,1;0,0,1
3956=0,0,1;0,0,1
3980=0,0,1;0,0,1
4144=0,0,1;0,0,1
4043=0,0,1;0,0,1
4044=0,0,1;0,0,1
4086=0,0,1;0,0,1
3895=1,0,0;0,0,1
4059=0,0,1;0,0,1
3941=0,0,1;0,0,1
4176=0,0,1;0,0,1
4193=0,0,1;0,0,1
4132=0,0,1;0,0,1
3910=0,0,1;0,0,1
3983=0,0,1;0,0,1
3959=1,0,0;0,0,1
3896=0,0,1;0,0,1
4116=0,0,1;0,0,1
4175=0,0,1;0,0,1
4014=1,0,0;0,0,1
4192=0,0,1;0,0,1
4029=0,0,1;0,0,1
3911=0,0,1;0,0,1
3982=0,0,1;0,0,1
4045=0,0,1;0,0,1
4166=0,0,1;0,0,1
3893=0,0,1;0,0,1
4008=0,0,1;0,0,1
3908=1,0,0;0,0,1
4069=0,0,1;0,0,1
3923=0,0,1;0,0,1
4023=0,0,1;0,0,1
3993=0,0,1;0,0,1
4091=0,0,1;0,0,1
4198=0,0,1;0,0,1
3977=0,0,1;0,0,1
3892=0,0,1;0,0,1
3894=0,0,1;0,0,1
4024=0,0,1;0,0,1
4165=0,0,1;0,0,1
4110=0,0,1;0,0,1
4099=0,0,1;0,0,1
4127=0,0,1;0,0,1
3968=0,0,1;0,0,1
3992=0,0,1;0,0,1
4025=0,0,1;0,0,1
4111=0,0,1;0,0,1
4180=0,0,1;0,0,1
3906=0,0,1;0,0,1
4071=0,0,1;0,0,1
4010=0,0,1;0,0,1
4056=0,0,1;0,0,1
3921=0,0,1;0,0,1
4128=0,0,1;0,0,1
3937=0,0,1;0,0,1
4040=0,0,1;0,0,1
3955=0,0,1;0,0,1
3979=0,0,1;0,0,1
4026=0,0,1;0,0,1
4089=0,0,1;0,0,1
4179=1,0,0;0,0,1
4097=0,0,1;0,0,1
4009=0,0,1;0,0,1
3994=0,0,1;0,0,1
3938=0,0,1;0,0,1
3954=0,0,1;0,0,1
4041=0,0,1;0,0,1
350=0,0,1;1,0,0
204=0,0,1;1,0,0
74=1,0,0;1,0,0
25=0,0,1;1,0,0
431=1,0,0;1,0,0
269=0,0,1;1,0,0
171=1,0,0;1,0,0
301=0,0,1;1,0,0
9=1,0,0;1,0,0
253=0,0,1;1,0,0
351=0,0,1;1,0,0
284=0,0,1;1,0,0
26=1,0,0;1,0,0
154=1,0,0;1,0,0
221=0,0,1;1,0,0
430=0,0,1;1,0,0
300=0,0,1;1,0,0
283=1,0,0;1,0,0
222=0,0,1;1,0,0
137=1,0,0;1,0,0
39=0,0,1;1,0,0
316=0,0,1;1,0,0
401=0,0,1;1,0,0
400=0,0,1;1,0,0
11=0,0,1;1,0,0
173=0,0,1;1,0,0
416=0,0,1;1,0,0
28=0,0,1;1,0,0
156=0,0,1;1,0,0
189=0,0,1;1,0,0
172=1,0,0;1,0,0
54=0,0,1;1,0,0
332=0,0,1;1,0,0
12=1,0,0;1,0,0
298=0,0,1;1,0,0
29=0,0,1;1,0,0
167=0,0,1;1,0,0
273=0,0,1;1,0,0
37=0,0,1;1,0,0
338=0,0,1;1,0,0
13=1,0,0;1,0,0
135=0,0,1;1,0,0
30=0,0,1;1,0,0
85=0,0,1;1,0,0
266=0,0,1;1,0,0
233=0,0,1;1,0,0
14=0,0,1;1,0,0
250=0,0,1;1,0,0
305=1,0,0;1,0,0
216=0,0,1;1,0,0
69=0,0,1;1,0,0
287=1,0,0;1,0,0
352=0,0,1;1,0,0
368=0,0,1;1,0,0
353=0,0,1;1,0,0
303=0,0,1;1,0,0
234=0,0,1;1,0,0
320=0,0,1;1,0,0
405=0,0,1;1,0,0
116=1,0,0;1,0,0
15=1,0,0;1,0,0
335=1,0,0;1,0,0
186=1,0,0;1,0,0
386=0,0,1;1,0,0
51=0,0,1;1,0,0
286=1,0,0;1,0,0
268=1,0,0;1,0,0
421=0,0,1;1,0,0
101=0,0,1;1,0,0
184=1,0,0;1,0,0
235=0,0,1;1,0,0
336=1,0,0;1,0,0
387=0,0,1;1,0,0
185=1,0,0;1,0,0
151=0,0,1;1,0,0
134=0,0,1;1,0,0
375=0,0,1;1,0,0
359=0,0,1;1,0,0
98=0,0,1;1,0,0
1=1,0,0;1,0,0
407=1,0,0;1,0,0
163=0,0,1;1,0,0
131=0,0,1;1,0,0
228=0,0,1;1,0,0
327=0,0,1;1,0,0
148=0,0,1;1,0,0
213=1,0,0;1,0,0
32=0,0,1;1,0,0
309=0,0,1;1,0,0
293=0,0,1;1,0,0
360=1,0,0;1,0,0
179=1,0,0;1,0,0
246=0,0,1;1,0,0
406=0,0,1;1,0,0
343=0,0,1;1,0,0
48=0,0,1;1,0,0
31=1,0,0;1,0,0
145=0,0,1;1,0,0
340=1,0,0;1,0,0
19=0,0,1;1,0,0
181=1,0,0;1,0,0
64=1,0,0;1,0,0
356=0,0,1;1,0,0
247=1,0,0;1,0,0
291=1,0,0;1,0,0
112=0,0,1;1,0,0
129=0,0,1;1,0,0
264=1,0,0;1,0,0
308=0,0,1;1,0,0
325=0,0,1;1,0,0
20=0,0,1;1,0,0
290=1,0,0;1,0,0
391=1,0,0;1,0,0
159=0,0,1;1,0,0
281=1,0,0;1,0,0
21=1,0,0;1,0,0
346=0,0,1;1,0,0
314=1,0,0;1,0,0
45=0,0,1;1,0,0
297=1,0,0;1,0,0
209=1,0,0;1,0,0
110=0,0,1;1,0,0
95=1,0,0;1,0,0
363=0,0,1;1,0,0
22=1,0,0;1,0,0
380=0,0,1;1,0,0
60=0,0,1;1,0,0
191=0,0,1;1,0,0
6=0,0,1;1,0,0
128=0,0,1;1,0,0
393=1,0,0;1,0,0
23=0,0,1;1,0,0
141=1,0,0;1,0,0
161=1,0,0;1,0,0
243=0,0,1;1,0,0
344=1,0,0;1,0,0
91=0,0,1;1,0,0
396=0,0,1;1,0,0
260=0,0,1;1,0,0
311=1,0,0;1,0,0
142=0,0,1;1,0,0
42=1,0,0;1,0,0
378=0,0,1;1,0,0
58=0,0,1;1,0,0
294=0,0,1;1,0,0
244=1,0,0;1,0,0
210=0,0,1;1,0,0
124=0,0,1;0,1,0
107=0,0,1;0,1,0
238=0,0,1;0,1,0
138=0,0,1;0,1,0
86=0,0,1;0,1,0
53=1,0,0;0,1,0
388=0,0,1;0,1,0
70=0,0,1;0,1,0
372=0,0,1;0,1,0
218=0,0,1;0,1,0
169=0,0,1;0,1,0
67=1,0,0;0,1,0
245=0,0,1;0,1,0
214=0,0,1;0,1,0
263=0,0,1;0,1,0
374=0,0,1;0,1,0
46=0,0,1;0,1,0
79=0,0,1;0,1,0
274=0,0,1;0,1,0
408=1,0,0;0,1,0
62=1,0,0;0,1,0
192=1,0,0;0,1,0
5=0,0,1;0,1,0
411=0,0,1;0,1,0
258=1,0,0;0,1,0
242=0,0,1;0,1,0
76=1,0,0;0,1,0
211=0,0,1;0,1,0
160=0,0,1;0,1,0
193=0,0,1;0,1,0
24=0,0,1;0,1,0
177=1,0,0;0,1,0
361=0,0,1;0,1,0
176=0,0,1;0,1,0
415=0,0,1;0,0,1
285=0,0,1;0,0,1
41=0,0,1;0,0,1
155=0,0,1;0,0,1
139=0,0,1;0,0,1
366=0,0,1;0,0,1
220=0,0,1;0,0,1
123=0,0,1;0,0,1
318=0,0,1;0,0,1
57=0,0,1;0,0,1
383=0,0,1;0,0,1
236=0,0,1;0,0,1
398=0,0,1;0,0,1
188=0,0,1;0,0,1
106=0,0,1;0,0,1
333=0,0,1;0,0,1
414=1,0,0;0,0,1
203=0,0,1;0,0,1
140=1,0,0;0,0,1
270=0,0,1;0,0,1
40=0,0,1;0,0,1
367=0,0,1;0,0,1
317=0,0,1;0,0,1
237=0,0,1;0,0,1
384=0,0,1;0,0,1
56=0,0,1;0,0,1
187=0,0,1;0,0,1
73=0,0,1;0,0,1
385=0,0,1;0,0,1
397=0,0,1;0,0,1
254=0,0,1;0,0,1
334=0,0,1;0,0,1
170=0,0,1;0,0,1
90=0,0,1;0,0,1
10=0,0,1;0,0,1
157=0,0,1;0,0,1
27=1,0,0;0,0,1
206=0,0,1;0,0,1
88=0,0,1;0,0,1
364=1,0,0;0,0,1
271=1,0,0;0,0,1
418=0,0,1;0,0,1
104=1,0,0;0,0,1
348=0,0,1;0,0,1
190=0,0,1;0,0,1
121=0,0,1;0,0,1
120=1,0,0;0,0,1
381=0,0,1;0,0,1
55=0,0,1;0,0,1
299=0,0,1;0,0,1
72=1,0,0;0,0,1
255=1,0,0;0,0,1
89=0,0,1;0,0,1
223=1,0,0;0,0,1
38=0,0,1;0,0,1
87=1,0,0;0,0,1
349=0,0,1;0,0,1
417=0,0,1;0,0,1
282=0,0,1;0,0,1
331=0,0,1;0,0,1
205=1,0,0;0,0,1
365=0,0,1;0,0,1
315=0,0,1;0,0,1
122=1,0,0;0,0,1
382=0,0,1;0,0,1
105=0,0,1;0,0,1
239=0,0,1;0,0,1
399=0,0,1;0,0,1
71=0,0,1;0,0,1
256=0,0,1;0,0,1
232=0,0,1;0,0,1
371=1,0,0;0,0,1
420=1,0,0;0,0,1
102=0,0,1;0,0,1
355=0,0,1;0,0,1
265=0,0,1;0,0,1
183=0,0,1;0,0,1
118=1,0,0;0,0,1
200=0,0,1;0,0,1
289=0,0,1;0,0,1
272=0,0,1;0,0,1
249=0,0,1;0,0,1
215=0,0,1;0,0,1
403=0,0,1;0,0,1
306=0,0,1;0,0,1
288=0,0,1;0,0,1
166=0,0,1;0,0,1
419=1,0,0;0,0,1
321=0,0,1;0,0,1
36=0,0,1;0,0,1
304=0,0,1;0,0,1
103=1,0,0;0,0,1
182=0,0,1;0,0,1
339=0,0,1;0,0,1
217=0,0,1;0,0,1
119=0,0,1;0,0,1
402=0,0,1;0,0,1
136=0,0,1;0,0,1
199=0,0,1;0,0,1
322=0,0,1;0,0,1
52=0,0,1;0,0,1
389=0,0,1;0,0,1
369=0,0,1;0,0,1
100=0,0,1;0,0,1
35=0,0,1;0,0,1
149=0,0,1;0,0,1
153=0,0,1;0,0,1
202=0,0,1;0,0,1
84=0,0,1;0,0,1
422=1,0,0;0,0,1
267=0,0,1;0,0,1
68=1,0,0;0,0,1
251=0,0,1;0,0,1
152=0,0,1;0,0,1
133=0,0,1;0,0,1
34=0,0,1;0,0,1
201=0,0,1;0,0,1
168=0,0,1;0,0,1
150=0,0,1;0,0,1
370=1,0,0;0,0,1
302=0,0,1;0,0,1
16=1,0,0;0,0,1
354=1,0,0;0,0,1
83=1,0,0;0,0,1
219=0,0,1;0,0,1
117=0,0,1;0,0,1
337=0,0,1;0,0,1
319=0,0,1;0,0,1
252=0,0,1;0,0,1
50=0,0,1;0,0,1
404=0,0,1;0,0,1
82=0,0,1;0,0,1
212=0,0,1;0,0,1
310=0,0,1;0,0,1
33=1,0,0;0,0,1
196=0,0,1;0,0,1
261=0,0,1;0,0,1
17=1,0,0;0,0,1
277=0,0,1;0,0,1
180=0,0,1;0,0,1
342=1,0,0;0,0,1
424=0,0,1;0,0,1
114=0,0,1;0,0,1
66=1,0,0;0,0,1
392=0,0,1;0,0,1
49=0,0,1;0,0,1
81=0,0,1;0,0,1
376=0,0,1;0,0,1
262=0,0,1;0,0,1
132=0,0,1;0,0,1
195=0,0,1;0,0,1
18=0,0,1;0,0,1
162=0,0,1;0,0,1
99=0,0,1;0,0,1
276=1,0,0;0,0,1
2=0,0,1;0,0,1
65=0,0,1;0,0,1
115=0,0,1;0,0,1
423=0,0,1;0,0,1
292=0,0,1;0,0,1
326=0,0,1;0,0,1
229=1,0,0;0,0,1
96=0,0,1;0,0,1
373=1,0,0;0,0,1
324=0,0,1;0,0,1
409=0,0,1;0,0,1
80=1,0,0;0,0,1
198=0,0,1;0,0,1
165=1,0,0;0,0,1
357=0,0,1;0,0,1
275=0,0,1;0,0,1
3=0,0,1;0,0,1
230=0,0,1;0,0,1
47=0,0,1;0,0,1
390=0,0,1;0,0,1
146=0,0,1;0,0,1
323=0,0,1;0,0,1
358=0,0,1;0,0,1
97=0,0,1;0,0,1
341=0,0,1;0,0,1
113=0,0,1;0,0,1
425=0,0,1;0,0,1
63=1,0,0;0,0,1
248=0,0,1;0,0,1
4=0,0,1;0,0,1
197=0,0,1;0,0,1
164=1,0,0;0,0,1
231=1,0,0;0,0,1
130=0,0,1;0,0,1
307=1,0,0;0,0,1
147=0,0,1;0,0,1
224=0,0,1;0,0,1
257=0,0,1;0,0,1
94=0,0,1;0,0,1
330=0,0,1;0,0,1
143=0,0,1;0,0,1
241=0,0,1;0,0,1
208=0,0,1;0,0,1
78=0,0,1;0,0,1
379=0,0,1;0,0,1
428=0,0,1;0,0,1
127=0,0,1;0,0,1
362=0,0,1;0,0,1
240=0,0,1;0,0,1
175=0,0,1;0,0,1
394=0,0,1;0,0,1
158=0,0,1;0,0,1
347=0,0,1;0,0,1
410=0,0,1;0,0,1
207=0,0,1;0,0,1
144=0,0,1;0,0,1
329=0,0,1;0,0,1
44=1,0,0;0,0,1
77=1,0,0;0,0,1
426=0,0,1;0,0,1
427=0,0,1;0,0,1
313=0,0,1;0,0,1
225=0,0,1;0,0,1
61=0,0,1;0,0,1
280=1,0,0;0,0,1
111=0,0,1;0,0,1
174=0,0,1;0,0,1
413=0,0,1;0,0,1
194=0,0,1;0,0,1
259=0,0,1;0,0,1
108=0,0,1;0,0,1
312=1,0,0;0,0,1
43=0,0,1;0,0,1
296=0,0,1;0,0,1
178=0,0,1;0,0,1
429=0,0,1;0,0,1
59=0,0,1;0,0,1
226=0,0,1;0,0,1
279=0,0,1;0,0,1
7=0,0,1;0,0,1
125=0,0,1;0,0,1
377=0,0,1;0,0,1
93=0,0,1;0,0,1
278=0,0,1;0,0,1
295=0,0,1;0,0,1
345=0,0,1;0,0,1
126=0,0,1;0,0,1
75=0,0,1;0,0,1
412=0,0,1;0,0,1
227=1,0,0;0,0,1
8=0,0,1;0,0,1
395=0,0,1;0,0,1
328=0,0,1;0,0,1
109=0,0,1;0,0,1
92=0,0,1;0,0,1
480=1,0,0;1,0,0
710=0,0,1;1,0,0
677=1,0,0;1,0,0
612=1,0,0;1,0,0
808=0,0,1;1,0,0
693=0,0,1;1,0,0
514=1,0,0;1,0,0
856=1,0,0;1,0,0
463=1,0,0;1,0,0
563=1,0,0;1,0,0
660=0,0,1;1,0,0
725=1,0,0;1,0,0
548=0,0,1;1,0,0
661=0,0,1;1,0,0
531=0,0,1;1,0,0
791=0,0,1;1,0,0
447=0,0,1;1,0,0
627=1,0,0;1,0,0
855=0,0,1;1,0,0
694=0,0,1;1,0,0
515=1,0,0;1,0,0
464=0,0,1;1,0,0
578=1,0,0;1,0,0
742=0,0,1;1,0,0
645=0,0,1;1,0,0
658=0,0,1;1,0,0
643=0,0,1;1,0,0
549=0,0,1;1,0,0
532=0,0,1;1,0,0
626=1,0,0;1,0,0
565=0,0,1;1,0,0
745=0,0,1;1,0,0
451=0,0,1;1,0,0
810=0,0,1;1,0,0
466=0,0,1;1,0,0
642=0,0,1;1,0,0
727=1,0,0;1,0,0
483=1,0,0;1,0,0
608=0,0,1;1,0,0
659=0,0,1;1,0,0
500=1,0,0;1,0,0
609=1,0,0;1,0,0
625=0,0,1;1,0,0
575=1,0,0;1,0,0
450=1,0,0;1,0,0
566=0,0,1;1,0,0
607=1,0,0;1,0,0
706=0,0,1;1,0,0
786=0,0,1;1,0,0
754=1,0,0;1,0,0
551=0,0,1;1,0,0
704=0,0,1;1,0,0
739=1,0,0;1,0,0
518=1,0,0;1,0,0
567=1,0,0;1,0,0
485=0,0,1;1,0,0
843=0,0,1;1,0,0
753=0,0,1;1,0,0
787=0,0,1;1,0,0
435=1,0,0;1,0,0
552=0,0,1;1,0,0
703=0,0,1;1,0,0
568=0,0,1;1,0,0
486=0,0,1;1,0,0
503=0,0,1;1,0,0
708=1,0,0;1,0,0
536=0,0,1;1,0,0
454=1,0,0;1,0,0
553=1,0,0;1,0,0
806=1,0,0;1,0,0
655=0,0,1;1,0,0
470=0,0,1;1,0,0
755=1,0,0;1,0,0
707=0,0,1;1,0,0
656=0,0,1;1,0,0
756=0,0,1;1,0,0
570=1,0,0;1,0,0
588=1,0,0;1,0,0
740=0,0,1;1,0,0
604=1,0,0;1,0,0
471=1,0,0;1,0,0
653=0,0,1;1,0,0
555=0,0,1;1,0,0
815=0,0,1;1,0,0
635=0,0,1;1,0,0
571=0,0,1;1,0,0
489=0,0,1;1,0,0
700=0,0,1;1,0,0
621=1,0,0;1,0,0
830=0,0,1;1,0,0
457=0,0,1;1,0,0
669=1,0,0;1,0,0
784=0,0,1;1,0,0
636=1,0,0;1,0,0
732=1,0,0;1,0,0
490=0,0,1;1,0,0
523=1,0,0;1,0,0
847=0,0,1;1,0,0
687=0,0,1;1,0,0
602=1,0,0;1,0,0
766=0,0,1;1,0,0
829=1,0,0;1,0,0
540=0,0,1;1,0,0
458=0,0,1;1,0,0
720=0,0,1;1,0,0
769=0,0,1;1,0,0
573=0,0,1;1,0,0
491=0,0,1;1,0,0
684=0,0,1;1,0,0
737=1,0,0;1,0,0
558=0,0,1;1,0,0
524=1,0,0;1,0,0
619=1,0,0;1,0,0
474=1,0,0;1,0,0
767=1,0,0;1,0,0
459=0,0,1;1,0,0
770=0,0,1;1,0,0
508=0,0,1;1,0,0
860=1,0,0;1,0,0
768=0,0,1;1,0,0
634=0,0,1;1,0,0
618=0,0,1;1,0,0
752=1,0,0;1,0,0
492=0,0,1;1,0,0
475=1,0,0;1,0,0
559=0,0,1;1,0,0
584=1,0,0;1,0,0
599=1,0,0;1,0,0
714=1,0,0;1,0,0
527=0,0,1;1,0,0
616=1,0,0;1,0,0
696=1,0,0;1,0,0
509=0,0,1;1,0,0
649=0,0,1;1,0,0
682=0,0,1;1,0,0
747=1,0,0;1,0,0
526=0,0,1;1,0,0
560=1,0,0;1,0,0
648=0,0,1;1,0,0
665=0,0,1;1,0,0
780=0,0,1;1,0,0
650=0,0,1;1,0,0
746=0,0,1;1,0,0
712=1,0,0;1,0,0
582=0,0,1;1,0,0
544=0,0,1;1,0,0
462=0,0,1;1,0,0
545=0,0,1;1,0,0
781=0,0,1;1,0,0
731=1,0,0;1,0,0
614=1,0,0;1,0,0
849=1,0,0;1,0,0
511=1,0,0;1,0,0
749=1,0,0;1,0,0
461=1,0,0;1,0,0
478=1,0,0;1,0,0
561=1,0,0;1,0,0
715=1,0,0;1,0,0
663=1,0,0;1,0,0
546=1,0,0;1,0,0
816=0,0,1;1,0,0
512=0,0,1;1,0,0
748=0,0,1;1,0,0
681=0,0,1;1,0,0
629=1,0,0;1,0,0
697=1,0,0;1,0,0
647=0,0,1;1,0,0
764=0,0,1;1,0,0
465=0,0,1;0,1,0
839=0,0,1;0,1,0
676=1,0,0;0,1,0
852=0,0,1;0,1,0
744=1,0,0;0,1,0
501=1,0,0;0,1,0
842=0,0,1;0,1,0
487=0,0,1;0,1,0
673=0,0,1;0,1,0
733=0,0,1;0,1,0
668=0,0,1;0,1,0
505=0,0,1;0,1,0
799=0,0,1;0,1,0
439=1,0,0;0,1,0
651=1,0,0;0,1,0
734=1,0,0;0,1,0
779=1,0,0;0,1,0
632=0,0,1;0,1,0
583=0,0,1;0,1,0
528=0,0,1;0,1,0
495=0,0,1;0,1,0
763=0,0,1;0,1,0
481=0,0,1;0,0,1
547=1,0,0;0,0,1
823=0,0,1;0,0,1
496=0,0,1;0,0,1
497=1,0,0;0,0,1
530=0,0,1;0,0,1
790=0,0,1;0,0,1
595=0,0,1;0,0,1
757=0,0,1;0,0,1
448=0,0,1;0,0,1
579=0,0,1;0,0,1
449=0,0,1;0,0,1
743=0,0,1;0,0,1
775=0,0,1;0,0,1
628=0,0,1;0,0,1
822=0,0,1;0,0,1
840=0,0,1;0,0,1
482=0,0,1;0,0,1
594=0,0,1;0,0,1
498=1,0,0;0,0,1
709=0,0,1;0,0,1
611=0,0,1;0,0,1
678=0,0,1;0,0,1
758=0,0,1;0,0,1
792=0,0,1;0,0,1
809=0,0,1;0,0,1
776=0,0,1;0,0,1
724=1,0,0;0,0,1
564=0,0,1;0,0,1
821=0,0,1;0,0,1
499=0,0,1;0,0,1
610=0,0,1;0,0,1
777=1,0,0;0,0,1
691=0,0,1;0,0,1
593=0,0,1;0,0,1
434=1,0,0;0,0,1
854=0,0,1;0,0,1
576=0,0,1;0,0,1
759=1,0,0;0,0,1
516=0,0,1;0,0,1
577=0,0,1;0,0,1
711=1,0,0;0,0,1
838=0,0,1;0,0,1
820=1,0,0;0,0,1
726=0,0,1;0,0,1
644=0,0,1;0,0,1
793=0,0,1;0,0,1
432=0,0,1;0,0,1
550=0,0,1;0,0,1
433=0,0,1;0,0,1
760=1,0,0;0,0,1
778=0,0,1;0,0,1
692=0,0,1;0,0,1
533=0,0,1;0,0,1
517=0,0,1;0,0,1
853=1,0,0;0,0,1
811=0,0,1;0,0,1
484=0,0,1;0,0,1
819=0,0,1;0,0,1
467=0,0,1;0,0,1
837=0,0,1;0,0,1
672=0,0,1;0,0,1
859=0,0,1;0,0,1
771=0,0,1;0,0,1
844=0,0,1;0,0,1
592=0,0,1;0,0,1
689=0,0,1;0,0,1
534=0,0,1;0,0,1
436=1,0,0;0,0,1
574=0,0,1;0,0,1
468=1,0,0;0,0,1
804=0,0,1;0,0,1
674=0,0,1;0,0,1
639=0,0,1;0,0,1
826=0,0,1;0,0,1
721=1,0,0;0,0,1
502=0,0,1;0,0,1
736=0,0,1;0,0,1
657=0,0,1;0,0,1
772=0,0,1;0,0,1
606=1,0,0;0,0,1
705=0,0,1;0,0,1
453=0,0,1;0,0,1
805=0,0,1;0,0,1
591=0,0,1;0,0,1
535=0,0,1;0,0,1
858=1,0,0;0,0,1
469=0,0,1;0,0,1
640=0,0,1;0,0,1
738=0,0,1;0,0,1
825=0,0,1;0,0,1
690=0,0,1;0,0,1
452=0,0,1;0,0,1
675=0,0,1;0,0,1
519=1,0,0;0,0,1
624=0,0,1;0,0,1
641=0,0,1;0,0,1
857=0,0,1;0,0,1
670=0,0,1;0,0,1
605=0,0,1;0,0,1
773=1,0,0;0,0,1
438=0,0,1;0,0,1
590=0,0,1;0,0,1
788=0,0,1;0,0,1
569=0,0,1;0,0,1
637=1,0,0;0,0,1
688=0,0,1;0,0,1
520=0,0,1;0,0,1
741=0,0,1;0,0,1
723=0,0,1;0,0,1
623=1,0,0;0,0,1
671=0,0,1;0,0,1
437=0,0,1;0,0,1
504=0,0,1;0,0,1
455=0,0,1;0,0,1
824=1,0,0;0,0,1
537=0,0,1;0,0,1
774=1,0,0;0,0,1
841=0,0,1;0,0,1
807=0,0,1;0,0,1
554=1,0,0;0,0,1
589=0,0,1;0,0,1
789=0,0,1;0,0,1
488=0,0,1;0,0,1
638=0,0,1;0,0,1
722=0,0,1;0,0,1
521=0,0,1;0,0,1
622=0,0,1;0,0,1
863=0,0,1;0,0,1
798=0,0,1;0,0,1
603=0,0,1;0,0,1
718=1,0,0;0,0,1
783=0,0,1;0,0,1
456=0,0,1;0,0,1
538=0,0,1;0,0,1
440=0,0,1;0,0,1
751=0,0,1;0,0,1
587=0,0,1;0,0,1
848=0,0,1;0,0,1
472=1,0,0;0,0,1
765=0,0,1;0,0,1
686=0,0,1;0,0,1
522=1,0,0;0,0,1
717=0,0,1;0,0,1
862=0,0,1;0,0,1
539=0,0,1;0,0,1
556=0,0,1;0,0,1
654=0,0,1;0,0,1
506=1,0,0;0,0,1
572=0,0,1;0,0,1
801=0,0,1;0,0,1
557=1,0,0;0,0,1
750=0,0,1;0,0,1
620=0,0,1;0,0,1
699=1,0,0;0,0,1
473=0,0,1;0,0,1
735=0,0,1;0,0,1
800=0,0,1;0,0,1
601=0,0,1;0,0,1
861=0,0,1;0,0,1
586=1,0,0;0,0,1
666=1,0,0;0,0,1
507=0,0,1;0,0,1
442=1,0,0;0,0,1
828=1,0,0;0,0,1
802=1,0,0;0,0,1
702=0,0,1;0,0,1
846=0,0,1;0,0,1
652=1,0,0;0,0,1
541=0,0,1;0,0,1
600=0,0,1;0,0,1
667=0,0,1;0,0,1
585=0,0,1;0,0,1
441=0,0,1;0,0,1
785=0,0,1;0,0,1
719=0,0,1;0,0,1
633=0,0,1;0,0,1
827=0,0,1;0,0,1
803=0,0,1;0,0,1
701=0,0,1;0,0,1
525=0,0,1;0,0,1
845=0,0,1;0,0,1
685=1,0,0;0,0,1
460=0,0,1;0,0,1
542=1,0,0;0,0,1
836=0,0,1;0,0,1
794=0,0,1;0,0,1
444=0,0,1;0,0,1
729=0,0,1;0,0,1
851=0,0,1;0,0,1
617=0,0,1;0,0,1
493=1,0,0;0,0,1
812=0,0,1;0,0,1
818=1,0,0;0,0,1
664=0,0,1;0,0,1
761=0,0,1;0,0,1
476=0,0,1;0,0,1
543=0,0,1;0,0,1
598=0,0,1;0,0,1
835=0,0,1;0,0,1
795=1,0,0;0,0,1
713=0,0,1;0,0,1
443=0,0,1;0,0,1
615=1,0,0;0,0,1
510=1,0,0;0,0,1
695=1,0,0;0,0,1
683=1,0,0;0,0,1
631=0,0,1;0,0,1
494=0,0,1;0,0,1
813=0,0,1;0,0,1
762=1,0,0;0,0,1
728=0,0,1;0,0,1
477=0,0,1;0,0,1
817=0,0,1;0,0,1
716=0,0,1;0,0,1
796=0,0,1;0,0,1
662=0,0,1;0,0,1
679=0,0,1;0,0,1
597=0,0,1;0,0,1
832=1,0,0;0,0,1
446=0,0,1;0,0,1
850=0,0,1;0,0,1
630=0,0,1;0,0,1
698=1,0,0;0,0,1
814=0,0,1;0,0,1
581=0,0,1;0,0,1
834=0,0,1;0,0,1
646=0,0,1;0,0,1
797=0,0,1;0,0,1
479=0,0,1;0,0,1
833=0,0,1;0,0,1
680=0,0,1;0,0,1
529=1,0,0;0,0,1
782=0,0,1;0,0,1
596=0,0,1;0,0,1
613=0,0,1;0,0,1
513=0,0,1;0,0,1
730=0,0,1;0,0,1
831=0,0,1;0,0,1
580=1,0,0;0,0,1
445=0,0,1;0,0,1
562=0,0,1;0,0,1
1248=0,0,1;1,0,0
937=0,0,1;1,0,0
1279=0,0,1;1,0,0
1197=0,0,1;1,0,0
1233=0,0,1;1,0,0
1217=0,0,1;1,0,0
1131=0,0,1;1,0,0
1084=0,0,1;1,0,0
1234=0,0,1;1,0,0
972=1,0,0;1,0,0
1230=1,0,0;1,0,0
1130=0,0,1;1,0,0
1165=0,0,1;1,0,0
1265=0,0,1;1,0,0
919=1,0,0;1,0,0
954=0,0,1;1,0,0
1212=0,0,1;1,0,0
903=0,0,1;1,0,0
1231=0,0,1;1,0,0
920=1,0,0;1,0,0
987=1,0,0;1,0,0
904=1,0,0;1,0,0
989=0,0,1;1,0,0
1041=0,0,1;1,0,0
974=0,0,1;1,0,0
876=0,0,1;1,0,0
1293=1,0,0;1,0,0
1022=0,0,1;1,0,0
1244=0,0,1;1,0,0
1088=0,0,1;1,0,0
891=0,0,1;1,0,0
909=0,0,1;1,0,0
1275=0,0,1;1,0,0
1257=1,0,0;1,0,0
907=0,0,1;1,0,0
1108=0,0,1;1,0,0
1177=1,0,0;1,0,0
1260=0,0,1;1,0,0
1008=0,0,1;1,0,0
1277=0,0,1;1,0,0
908=0,0,1;1,0,0
923=1,0,0;1,0,0
1042=1,0,0;1,0,0
874=1,0,0;1,0,0
924=0,0,1;1,0,0
1276=0,0,1;1,0,0
995=0,0,1;1,0,0
945=1,0,0;1,0,0
960=0,0,1;1,0,0
1159=0,0,1;1,0,0
994=1,0,0;1,0,0
914=0,0,1;1,0,0
961=0,0,1;1,0,0
1173=0,0,1;1,0,0
1204=0,0,1;1,0,0
1113=0,0,1;1,0,0
996=1,0,0;1,0,0
963=0,0,1;1,0,0
1185=1,0,0;1,0,0
966=0,0,1;1,0,0
1115=0,0,1;1,0,0
1048=0,0,1;1,0,0
1221=0,0,1;1,0,0
1249=0,0,1;1,0,0
884=1,0,0;1,0,0
902=0,0,1;1,0,0
867=0,0,1;1,0,0
1065=0,0,1;1,0,0
915=0,0,1;1,0,0
864=1,0,0;1,0,0
950=0,0,1;1,0,0
1168=0,0,1;1,0,0
1034=0,0,1;1,0,0
1236=0,0,1;1,0,0
1169=0,0,1;1,0,0
916=0,0,1;1,0,0
873=0,0,1;0,1,0
1262=1,0,0;0,1,0
1054=0,0,1;0,1,0
1052=1,0,0;0,1,0
1068=0,0,1;0,1,0
1261=0,0,1;0,1,0
1036=1,0,0;0,1,0
1069=1,0,0;0,1,0
988=0,0,1;0,1,0
1264=0,0,1;0,1,0
892=0,0,1;0,1,0
1208=0,0,1;0,1,0
1160=0,0,1;0,1,0
1010=0,0,1;0,1,0
1044=0,0,1;0,1,0
1273=0,0,1;0,1,0
1121=0,0,1;0,1,0
1271=0,0,1;0,1,0
1220=1,0,0;0,1,0
1064=0,0,1;0,1,0
1152=1,0,0;0,1,0
1171=0,0,1;0,1,0
1051=1,0,0;0,1,0
1216=0,0,1;0,1,0
1000=0,0,1;0,1,0
1251=1,0,0;0,1,0
905=1,0,0;0,0,1
888=0,0,1;0,0,1
1183=0,0,1;0,0,1
1232=0,0,1;0,0,1
1132=0,0,1;0,0,1
970=0,0,1;0,0,1
1118=0,0,1;0,0,1
953=0,0,1;0,0,1
1067=0,0,1;0,0,1
1281=0,0,1;0,0,1
1148=0,0,1;0,0,1
1018=0,0,1;0,0,1
1102=0,0,1;0,0,1
1167=0,0,1;0,0,1
1214=0,0,1;0,0,1
1083=1,0,0;0,0,1
1149=0,0,1;0,0,1
1002=0,0,1;0,0,1
1037=0,0,1;0,0,1
986=0,0,1;0,0,1
1184=0,0,1;0,0,1
921=0,0,1;0,0,1
969=0,0,1;0,0,1
1117=0,0,1;0,0,1
1019=0,0,1;0,0,1
872=0,0,1;0,0,1
1103=0,0,1;0,0,1
952=0,0,1;0,0,1
1247=0,0,1;0,0,1
1166=0,0,1;0,0,1
1147=0,0,1;0,0,1
1215=0,0,1;0,0,1
1003=0,0,1;0,0,1
936=0,0,1;0,0,1
985=0,0,1;0,0,1
1198=0,0,1;0,0,1
1278=0,0,1;0,0,1
1053=0,0,1;0,0,1
906=0,0,1;0,0,1
886=0,0,1;0,0,1
1283=0,0,1;0,0,1
1181=0,0,1;0,0,1
1039=0,0,1;0,0,1
871=1,0,0;0,0,1
955=0,0,1;0,0,1
1104=0,0,1;0,0,1
1020=0,0,1;0,0,1
1004=0,0,1;0,0,1
1085=0,0,1;0,0,1
1195=1,0,0;0,0,1
939=0,0,1;0,0,1
1056=0,0,1;0,0,1
971=0,0,1;0,0,1
887=0,0,1;0,0,1
1164=0,0,1;0,0,1
1105=0,0,1;0,0,1
1038=0,0,1;0,0,1
1182=0,0,1;0,0,1
1070=0,0,1;0,0,1
870=0,0,1;0,0,1
1282=1,0,0;0,0,1
1146=0,0,1;0,0,1
1021=1,0,0;0,0,1
1280=0,0,1;0,0,1
1213=0,0,1;0,0,1
1086=0,0,1;0,0,1
938=0,0,1;0,0,1
1087=1,0,0;0,0,1
1129=0,0,1;0,0,1
1005=0,0,1;0,0,1
1089=0,0,1;0,0,1
1263=0,0,1;0,0,1
1055=1,0,0;0,0,1
1196=0,0,1;0,0,1
1106=0,0,1;0,0,1
1163=0,0,1;0,0,1
1228=0,0,1;0,0,1
1179=0,0,1;0,0,1
1145=0,0,1;0,0,1
1128=0,0,1;0,0,1
941=0,0,1;0,0,1
1258=0,0,1;0,0,1
1144=0,0,1;0,0,1
1090=0,0,1;0,0,1
1071=0,0,1;0,0,1
1006=0,0,1;0,0,1
1210=0,0,1;0,0,1
990=0,0,1;0,0,1
1193=0,0,1;0,0,1
1162=0,0,1;0,0,1
1229=1,0,0;0,0,1
1107=0,0,1;0,0,1
925=0,0,1;0,0,1
973=0,0,1;0,0,1
1040=0,0,1;0,0,1
1072=0,0,1;0,0,1
1180=0,0,1;0,0,1
1292=0,0,1;0,0,1
956=0,0,1;0,0,1
1023=0,0,1;0,0,1
1025=0,0,1;0,0,1
877=0,0,1;0,0,1
1243=0,0,1;0,0,1
1127=1,0,0;0,0,1
940=0,0,1;0,0,1
1007=0,0,1;0,0,1
1143=0,0,1;0,0,1
1091=0,0,1;0,0,1
910=0,0,1;0,0,1
1211=0,0,1;0,0,1
1194=0,0,1;0,0,1
1274=0,0,1;0,0,1
1161=0,0,1;0,0,1
991=0,0,1;0,0,1
993=0,0,1;0,0,1
1057=0,0,1;0,0,1
1226=0,0,1;0,0,1
922=0,0,1;0,0,1
1295=0,0,1;0,0,1
1191=0,0,1;0,0,1
943=0,0,1;0,0,1
1207=0,0,1;0,0,1
1126=0,0,1;0,0,1
1043=0,0,1;0,0,1
1026=0,0,1;0,0,1
1246=0,0,1;0,0,1
958=0,0,1;0,0,1
1142=0,0,1;0,0,1
1027=0,0,1;0,0,1
875=0,0,1;0,0,1
976=0,0,1;0,0,1
1092=0,0,1;0,0,1
1073=0,0,1;0,0,1
889=0,0,1;0,0,1
1176=0,0,1;0,0,1
1227=0,0,1;0,0,1
1058=0,0,1;0,0,1
1192=1,0,0;0,0,1
1109=0,0,1;0,0,1
1294=0,0,1;0,0,1
1009=0,0,1;0,0,1
1125=0,0,1;0,0,1
1178=0,0,1;0,0,1
1245=1,0,0;0,0,1
942=0,0,1;0,0,1
1141=0,0,1;0,0,1
1259=0,0,1;0,0,1
1024=0,0,1;0,0,1
1209=0,0,1;0,0,1
957=0,0,1;0,0,1
975=0,0,1;0,0,1
1074=0,0,1;0,0,1
1093=0,0,1;0,0,1
890=0,0,1;0,0,1
928=1,0,0;0,0,1
1240=0,0,1;0,0,1
1175=0,0,1;0,0,1
1045=0,0,1;0,0,1
1110=1,0,0;0,0,1
1059=1,0,0;0,0,1
930=0,0,1;0,0,1
1124=0,0,1;0,0,1
1254=0,0,1;0,0,1
865=0,0,1;0,0,1
1289=0,0,1;0,0,1
1224=0,0,1;0,0,1
1189=0,0,1;0,0,1
880=0,0,1;0,0,1
913=0,0,1;0,0,1
962=0,0,1;0,0,1
1205=0,0,1;0,0,1
1029=0,0,1;0,0,1
895=0,0,1;0,0,1
1140=0,0,1;0,0,1
1094=0,0,1;0,0,1
978=1,0,0;0,0,1
897=0,0,1;0,0,1
1075=0,0,1;0,0,1
992=0,0,1;0,0,1
1239=1,0,0;0,0,1
1060=0,0,1;0,0,1
1111=0,0,1;0,0,1
881=0,0,1;0,0,1
1174=1,0,0;0,0,1
1225=0,0,1;0,0,1
1011=0,0,1;0,0,1
1123=1,0,0;0,0,1
931=0,0,1;0,0,1
944=0,0,1;0,0,1
1190=0,0,1;0,0,1
896=0,0,1;0,0,1
1270=0,0,1;0,0,1
959=0,0,1;0,0,1
1206=0,0,1;0,0,1
1028=0,0,1;0,0,1
1253=0,0,1;0,0,1
1158=0,0,1;0,0,1
898=0,0,1;0,0,1
1139=0,0,1;0,0,1
977=0,0,1;0,0,1
1076=0,0,1;0,0,1
1095=0,0,1;0,0,1
1112=0,0,1;0,0,1
926=0,0,1;0,0,1
1047=0,0,1;0,0,1
1012=0,0,1;0,0,1
1061=0,0,1;0,0,1
1256=1,0,0;0,0,1
1222=0,0,1;0,0,1
1291=0,0,1;0,0,1
1122=1,0,0;0,0,1
1272=0,0,1;0,0,1
947=0,0,1;0,0,1
1242=1,0,0;0,0,1
878=0,0,1;0,0,1
1138=0,0,1;0,0,1
964=0,0,1;0,0,1
1187=0,0,1;0,0,1
893=0,0,1;0,0,1
1096=0,0,1;0,0,1
1031=0,0,1;0,0,1
1077=0,0,1;0,0,1
980=0,0,1;0,0,1
1157=0,0,1;0,0,1
911=0,0,1;0,0,1
927=0,0,1;0,0,1
946=1,0,0;0,0,1
1013=0,0,1;0,0,1
1046=0,0,1;0,0,1
1097=0,0,1;0,0,1
929=0,0,1;0,0,1
1062=0,0,1;0,0,1
1156=0,0,1;0,0,1
1255=0,0,1;0,0,1
1188=0,0,1;0,0,1
1241=0,0,1;0,0,1
879=0,0,1;0,0,1
1290=1,0,0;0,0,1
1137=0,0,1;0,0,1
1223=0,0,1;0,0,1
894=1,0,0;0,0,1
1030=0,0,1;0,0,1
997=0,0,1;0,0,1
1114=0,0,1;0,0,1
1078=0,0,1;0,0,1
912=0,0,1;0,0,1
979=0,0,1;0,0,1
1014=0,0,1;0,0,1
1049=0,0,1;0,0,1
949=0,0,1;0,0,1
1098=0,0,1;0,0,1
1155=0,0,1;0,0,1
1285=0,0,1;0,0,1
869=0,0,1;0,0,1
934=0,0,1;0,0,1
1063=0,0,1;0,0,1
1267=0,0,1;0,0,1
982=0,0,1;0,0,1
1250=0,0,1;0,0,1
1201=0,0,1;0,0,1
1079=0,0,1;0,0,1
917=0,0,1;0,0,1
1033=0,0,1;0,0,1
1286=0,0,1;0,0,1
998=0,0,1;0,0,1
1136=0,0,1;0,0,1
1237=0,0,1;0,0,1
1172=0,0,1;0,0,1
901=0,0,1;0,0,1
1015=1,0,0;0,0,1
885=0,0,1;0,0,1
1284=0,0,1;0,0,1
935=0,0,1;0,0,1
1186=0,0,1;0,0,1
1266=0,0,1;0,0,1
1203=0,0,1;0,0,1
868=0,0,1;0,0,1
948=0,0,1;0,0,1
1202=0,0,1;0,0,1
918=1,0,0;0,0,1
1080=0,0,1;0,0,1
965=0,0,1;0,0,1
999=0,0,1;0,0,1
1099=0,0,1;0,0,1
1032=0,0,1;0,0,1
1135=1,0,0;0,0,1
1116=0,0,1;0,0,1
1154=0,0,1;0,0,1
981=0,0,1;0,0,1
882=0,0,1;0,0,1
1238=0,0,1;0,0,1
1120=0,0,1;0,0,1
932=0,0,1;0,0,1
1218=0,0,1;0,0,1
968=0,0,1;0,0,1
1100=0,0,1;0,0,1
1016=0,0,1;0,0,1
951=0,0,1;0,0,1
1151=0,0,1;0,0,1
1269=0,0,1;0,0,1
899=0,0,1;0,0,1
1252=1,0,0;0,0,1
1081=0,0,1;0,0,1
1288=0,0,1;0,0,1
1035=0,0,1;0,0,1
1235=1,0,0;0,0,1
1134=0,0,1;0,0,1
1170=0,0,1;0,0,1
1153=0,0,1;0,0,1
984=0,0,1;0,0,1
1199=1,0,0;0,0,1
1050=0,0,1;0,0,1
1101=0,0,1;0,0,1
883=0,0,1;0,0,1
1219=0,0,1;0,0,1
1119=0,0,1;0,0,1
967=0,0,1;0,0,1
866=0,0,1;0,0,1
933=0,0,1;0,0,1
1066=0,0,1;0,0,1
1017=0,0,1;0,0,1
1268=0,0,1;0,0,1
900=0,0,1;0,0,1
1150=0,0,1;0,0,1
1001=0,0,1;0,0,1
1082=0,0,1;0,0,1
1287=0,0,1;0,0,1
1133=0,0,1;0,0,1
983=0,0,1;0,0,1
1200=0,0,1;0,0,1
1393=0,0,1;1,0,0
1507=0,0,1;1,0,0
1344=0,0,1;1,0,0
1654=0,0,1;1,0,0
1327=0,0,1;1,0,0
1607=0,0,1;1,0,0
1492=1,0,0;1,0,0
1506=1,0,0;1,0,0
1443=0,0,1;1,0,0
1522=0,0,1;1,0,0
1702=0,0,1;1,0,0
1639=0,0,1;1,0,0
1718=1,0,0;1,0,0
1525=0,0,1;1,0,0
1686=1,0,0;1,0,0
1376=0,0,1;1,0,0
1390=1,0,0;1,0,0
1575=0,0,1;1,0,0
1701=1,0,0;1,0,0
1640=1,0,0;1,0,0
1591=0,0,1;1,0,0
1656=0,0,1;1,0,0
1509=1,0,0;1,0,0
1359=1,0,0;1,0,0
1625=1,0,0;1,0,0
1559=0,0,1;1,0,0
1574=0,0,1;1,0,0
1375=1,0,0;1,0,0
1508=1,0,0;1,0,0
1657=1,0,0;1,0,0
1476=0,0,1;1,0,0
1409=1,0,0;1,0,0
1426=0,0,1;1,0,0
1480=0,0,1;1,0,0
1715=0,0,1;1,0,0
1527=0,0,1;1,0,0
1366=0,0,1;1,0,0
1700=0,0,1;1,0,0
1511=0,0,1;1,0,0
1546=1,0,0;1,0,0
1684=0,0,1;1,0,0
1561=0,0,1;1,0,0
1526=0,0,1;1,0,0
1479=1,0,0;1,0,0
1667=0,0,1;1,0,0
1564=0,0,1;1,0,0
1549=1,0,0;1,0,0
1444=0,0,1;1,0,0
1697=0,0,1;1,0,0
1682=0,0,1;1,0,0
1666=0,0,1;1,0,0
1681=0,0,1;1,0,0
1481=0,0,1;1,0,0
1461=0,0,1;1,0,0
1445=1,0,0;1,0,0
1343=0,0,1;1,0,0
1363=1,0,0;1,0,0
1662=0,0,1;1,0,0
1646=1,0,0;1,0,0
1413=1,0,0;1,0,0
1497=0,0,1;1,0,0
1551=1,0,0;1,0,0
1696=0,0,1;1,0,0
1616=0,0,1;1,0,0
1597=0,0,1;1,0,0
1661=1,0,0;1,0,0
1466=1,0,0;1,0,0
1435=1,0,0;1,0,0
1500=0,0,1;1,0,0
1550=0,0,1;1,0,0
1695=0,0,1;1,0,0
1467=0,0,1;1,0,0
1580=0,0,1;1,0,0
1320=0,0,1;1,0,0
1436=0,0,1;1,0,0
1648=1,0,0;1,0,0
1679=0,0,1;1,0,0
1368=0,0,1;1,0,0
1517=1,0,0;1,0,0
1724=1,0,0;1,0,0
1601=1,0,0;1,0,0
1308=0,0,1;1,0,0
1485=0,0,1;1,0,0
1618=1,0,0;1,0,0
1633=1,0,0;1,0,0
1678=0,0,1;1,0,0
1382=1,0,0;1,0,0
1339=0,0,1;1,0,0
1649=0,0,1;1,0,0
1709=1,0,0;1,0,0
1634=0,0,1;1,0,0
1692=1,0,0;1,0,0
1619=0,0,1;1,0,0
1301=1,0,0;1,0,0
1535=1,0,0;1,0,0
1603=1,0,0;1,0,0
1440=1,0,0;1,0,0
1373=1,0,0;1,0,0
1471=0,0,1;1,0,0
1387=1,0,0;1,0,0
1604=1,0,0;1,0,0
1503=1,0,0;1,0,0
1651=0,0,1;1,0,0
1423=1,0,0;1,0,0
1571=1,0,0;1,0,0
1636=1,0,0;1,0,0
1690=0,0,1;1,0,0
1403=1,0,0;1,0,0
1317=0,0,1;1,0,0
1490=1,0,0;1,0,0
1605=1,0,0;1,0,0
1706=1,0,0;1,0,0
1539=0,0,1;1,0,0
1469=0,0,1;1,0,0
1489=0,0,1;1,0,0
1705=0,0,1;1,0,0
1558=1,0,0;0,1,0
1392=0,0,1;0,1,0
1673=0,0,1;0,1,0
1610=0,0,1;0,1,0
1611=1,0,0;0,1,0
1714=1,0,0;0,1,0
1699=0,0,1;0,1,0
1510=1,0,0;0,1,0
1592=1,0,0;0,1,0
1595=0,0,1;0,1,0
1512=1,0,0;0,1,0
1420=0,0,1;0,1,0
1660=0,0,1;0,1,0
1514=0,0,1;0,1,0
1727=0,0,1;0,1,0
1516=1,0,0;0,1,0
1598=0,0,1;0,1,0
1454=0,0,1;0,1,0
1303=0,0,1;0,1,0
1704=0,0,1;0,1,0
1371=0,0,1;0,1,0
1688=0,0,1;0,0,1
1458=0,0,1;0,0,1
1573=0,0,1;0,0,1
1346=1,0,0;0,0,1
1623=1,0,0;0,0,1
1638=0,0,1;0,0,1
1442=0,0,1;0,0,1
1703=0,0,1;0,0,1
1523=1,0,0;0,0,1
1362=0,0,1;0,0,1
1719=0,0,1;0,0,1
1412=0,0,1;0,0,1
1477=0,0,1;0,0,1
1542=0,0,1;0,0,1
1672=0,0,1;0,0,1
1589=0,0,1;0,0,1
1427=0,0,1;0,0,1
1624=0,0,1;0,0,1
1687=0,0,1;0,0,1
1296=0,0,1;0,0,1
1347=0,0,1;0,0,1
1572=0,0,1;0,0,1
1328=0,0,1;0,0,1
1609=1,0,0;0,0,1
1391=0,0,1;0,0,1
1459=0,0,1;0,0,1
1298=0,0,1;0,0,1
1557=0,0,1;0,0,1
1408=1,0,0;0,0,1
1297=1,0,0;0,0,1
1361=0,0,1;0,0,1
1478=0,0,1;0,0,1
1411=1,0,0;0,0,1
1655=0,0,1;0,0,1
1588=0,0,1;0,0,1
1541=1,0,0;0,0,1
1608=0,0,1;0,0,1
1348=0,0,1;0,0,1
1491=1,0,0;0,0,1
1329=0,0,1;0,0,1
1671=0,0,1;0,0,1
1360=0,0,1;0,0,1
1428=0,0,1;0,0,1
1560=0,0,1;0,0,1
1299=0,0,1;0,0,1
1455=0,0,1;0,0,1
1472=1,0,0;0,0,1
1407=0,0,1;0,0,1
1313=0,0,1;0,0,1
1494=0,0,1;0,0,1
1717=1,0,0;0,0,1
1475=0,0,1;0,0,1
1641=0,0,1;0,0,1
1670=0,0,1;0,0,1
1544=1,0,0;0,0,1
1425=0,0,1;0,0,1
1330=1,0,0;0,0,1
1424=1,0,0;0,0,1
1410=0,0,1;0,0,1
1349=0,0,1;0,0,1
1524=0,0,1;0,0,1
1457=0,0,1;0,0,1
1685=1,0,0;0,0,1
1441=0,0,1;0,0,1
1389=1,0,0;0,0,1
1300=0,0,1;0,0,1
1456=0,0,1;0,0,1
1314=0,0,1;0,0,1
1716=1,0,0;0,0,1
1406=0,0,1;0,0,1
1642=0,0,1;0,0,1
1543=0,0,1;0,0,1
1669=0,0,1;0,0,1
1331=0,0,1;0,0,1
1626=0,0,1;0,0,1
1493=1,0,0;0,0,1
1350=0,0,1;0,0,1
1590=0,0,1;0,0,1
1358=0,0,1;0,0,1
1562=0,0,1;0,0,1
1627=0,0,1;0,0,1
1397=0,0,1;0,0,1
1462=0,0,1;0,0,1
1612=0,0,1;0,0,1
1381=0,0,1;0,0,1
1309=0,0,1;0,0,1
1446=0,0,1;0,0,1
1577=0,0,1;0,0,1
1431=0,0,1;0,0,1
1658=1,0,0;0,0,1
1496=0,0,1;0,0,1
1340=0,0,1;0,0,1
1380=0,0,1;0,0,1
1593=0,0,1;0,0,1
1416=0,0,1;0,0,1
1323=0,0,1;0,0,1
1613=0,0,1;0,0,1
1463=0,0,1;0,0,1
1668=1,0,0;0,0,1
1643=0,0,1;0,0,1
1698=0,0,1;0,0,1
1447=0,0,1;0,0,1
1576=1,0,0;0,0,1
1310=1,0,0;0,0,1
1495=0,0,1;0,0,1
1341=0,0,1;0,0,1
1432=0,0,1;0,0,1
1659=1,0,0;0,0,1
1664=0,0,1;0,0,1
1365=0,0,1;0,0,1
1379=0,0,1;0,0,1
1396=0,0,1;0,0,1
1415=0,0,1;0,0,1
1324=0,0,1;0,0,1
1683=0,1,0;0,0,1
1545=0,0,1;0,0,1
1628=0,0,1;0,0,1
1614=0,0,1;0,0,1
1482=0,0,1;0,0,1
1579=0,0,1;0,0,1
1644=0,0,1;0,0,1
1311=1,0,0;0,0,1
1460=0,0,1;0,0,1
1529=0,0,1;0,0,1
1429=0,0,1;0,0,1
1342=0,0,1;0,0,1
1713=0,0,1;0,0,1
1364=1,0,0;0,0,1
1663=1,0,0;0,0,1
1513=0,0,1;0,0,1
1325=1,0,0;0,0,1
1414=0,0,1;0,0,1
1345=1,0,0;0,0,1
1629=0,0,1;0,0,1
1548=0,0,1;0,0,1
1395=0,0,1;0,0,1
1498=0,0,1;0,0,1
1645=0,0,1;0,0,1
1563=0,0,1;0,0,1
1394=0,0,1;0,0,1
1630=0,0,1;0,0,1
1378=0,0,1;0,0,1
1528=1,0,0;0,0,1
1312=0,0,1;0,0,1
1615=0,0,1;0,0,1
1578=0,0,1;0,0,1
1430=0,0,1;0,0,1
1594=0,0,1;0,0,1
1377=1,0,0;0,0,1
1326=1,0,0;0,0,1
1547=0,0,1;0,0,1
1665=0,0,1;0,0,1
1419=1,0,0;0,0,1
1631=0,0,1;0,0,1
1336=1,0,0;0,0,1
1484=0,0,1;0,0,1
1354=0,0,1;0,0,1
1305=0,0,1;0,0,1
1531=1,0,0;0,0,1
1581=0,0,1;0,0,1
1370=0,0,1;0,0,1
1449=1,0,0;0,0,1
1515=0,0,1;0,0,1
1726=0,0,1;0,0,1
1647=0,0,1;0,0,1
1566=0,0,1;0,0,1
1712=0,0,1;0,0,1
1401=0,0,1;0,0,1
1483=1,0,0;0,0,1
1306=1,0,0;0,0,1
1565=0,0,1;0,0,1
1400=1,0,0;0,0,1
1632=0,0,1;0,0,1
1355=0,0,1;0,0,1
1384=1,0,0;0,0,1
1680=0,0,1;0,0,1
1450=0,0,1;0,0,1
1530=0,0,1;0,0,1
1369=0,0,1;0,0,1
1451=0,0,1;0,0,1
1596=0,0,1;0,0,1
1337=0,0,1;0,0,1
1499=1,0,0;0,0,1
1711=0,0,1;0,0,1
1417=1,0,0;0,0,1
1617=0,0,1;0,0,1
1486=1,0,0;0,0,1
1307=1,0,0;0,0,1
1399=0,0,1;0,0,1
1694=0,0,1;0,0,1
1356=1,0,0;0,0,1
1448=0,0,1;0,0,1
1464=0,0,1;0,0,1
1533=0,0,1;0,0,1
1599=0,0,1;0,0,1
1383=0,0,1;0,0,1
1584=0,0,1;0,0,1
1338=1,0,0;0,0,1
1433=0,0,1;0,0,1
1710=1,0,0;0,0,1
1568=0,0,1;0,0,1
1321=0,0,1;0,0,1
1502=0,0,1;0,0,1
1418=0,0,1;0,0,1
1398=0,0,1;0,0,1
1357=0,0,1;0,0,1
1693=0,0,1;0,0,1
1552=0,0,1;0,0,1
1582=0,0,1;0,0,1
1532=0,0,1;0,0,1
1367=1,0,0;0,0,1
1725=1,0,0;0,0,1
1583=0,0,1;0,0,1
1465=0,0,1;0,0,1
1434=0,0,1;0,0,1
1602=0,0,1;0,0,1
1501=1,0,0;0,0,1
1322=0,0,1;0,0,1
1567=0,0,1;0,0,1
1554=0,0,1;0,0,1
1439=1,0,0;0,0,1
1488=1,0,0;0,0,1
1374=0,0,1;0,0,1
1453=0,0,1;0,0,1
1518=0,0,1;0,0,1
1677=0,0,1;0,0,1
1538=0,0,1;0,0,1
1600=0,0,1;0,0,1
1473=0,0,1;0,0,1
1470=0,0,1;0,0,1
1708=0,0,1;0,0,1
1722=1,0,0;0,0,1
1405=0,0,1;0,0,1
1315=1,0,0;0,0,1
1585=0,0,1;0,0,1
1388=0,0,1;0,0,1
1487=0,0,1;0,0,1
1504=1,0,0;0,0,1
1650=0,0,1;0,0,1
1422=0,0,1;0,0,1
1569=1,0,0;0,0,1
1332=0,0,1;0,0,1
1351=0,0,1;0,0,1
1620=1,0,0;0,0,1
1676=1,0,0;0,0,1
1553=1,0,0;0,0,1
1635=0,0,1;0,0,1
1691=0,0,1;0,0,1
1537=0,0,1;0,0,1
1534=0,0,1;0,0,1
1707=0,0,1;0,0,1
1316=0,0,1;0,0,1
1302=1,0,0;0,0,1
1474=0,0,1;0,0,1
1352=1,0,0;0,0,1
1723=0,0,1;0,0,1
1333=1,0,0;0,0,1
1404=0,0,1;0,0,1
1675=0,0,1;0,0,1
1437=0,0,1;0,0,1
1505=0,0,1;0,0,1
1621=0,0,1;0,0,1
1520=0,0,1;0,0,1
1468=0,0,1;0,0,1
1720=1,0,0;0,0,1
1521=1,0,0;0,0,1
1372=0,0,1;0,0,1
1556=0,0,1;0,0,1
1540=0,0,1;0,0,1
1386=0,0,1;0,0,1
1587=0,0,1;0,0,1
1334=0,0,1;0,0,1
1652=0,0,1;0,0,1
1335=0,0,1;0,0,1
1570=0,0,1;0,0,1
1353=0,0,1;0,0,1
1622=1,0,0;0,0,1
1438=1,0,0;0,0,1
1519=0,0,1;0,0,1
1319=0,0,1;0,0,1
1555=1,0,0;0,0,1
1674=0,0,1;0,0,1
1452=0,0,1;0,0,1
1637=0,0,1;0,0,1
1653=1,0,0;0,0,1
1536=1,0,0;0,0,1
1304=0,0,1;0,0,1
1385=0,0,1;0,0,1
1721=0,0,1;0,0,1
1318=1,0,0;0,0,1
1689=0,0,1;0,0,1
1586=0,0,1;0,0,1
1421=0,0,1;0,0,1
1606=0,0,1;0,0,1
1402=1,0,0;0,0,1
1738=0,0,1;1,0,0
1768=1,0,0;1,0,0
1868=0,0,1;1,0,0
2126=0,0,1;1,0,0
1753=0,0,1;1,0,0
1803=0,0,1;1,0,0
1783=0,0,1;1,0,0
2028=0,0,1;1,0,0
1769=0,0,1;1,0,0
2082=0,0,1;1,0,0
2158=0,0,1;1,0,0
2097=0,0,1;1,0,0
1869=0,0,1;1,0,0
1739=1,0,0;1,0,0
1754=1,0,0;1,0,0
1782=1,0,0;1,0,0
2159=0,0,1;1,0,0
1833=0,0,1;1,0,0
1900=0,0,1;1,0,0
1805=1,0,0;1,0,0
2063=0,0,1;1,0,0
2099=0,0,1;1,0,0
2128=1,0,0;1,0,0
1947=0,0,1;1,0,0
2143=0,0,1;1,0,0
1997=1,0,0;1,0,0
1871=1,0,0;1,0,0
2145=1,0,0;1,0,0
1737=0,0,1;1,0,0
1911=0,0,1;1,0,0
1767=0,0,1;1,0,0
1945=0,0,1;1,0,0
2049=1,0,0;1,0,0
1962=0,0,1;1,0,0
1977=0,0,1;1,0,0
2081=0,0,1;1,0,0
2127=0,0,1;1,0,0
1930=0,0,1;1,0,0
1952=1,0,0;1,0,0
2032=1,0,0;1,0,0
1902=0,0,1;1,0,0
2130=0,0,1;1,0,0
2114=0,0,1;1,0,0
1917=0,0,1;1,0,0
2101=0,0,1;1,0,0
2053=0,0,1;1,0,0
1921=0,0,1;1,0,0
2147=0,0,1;1,0,0
2070=0,0,1;1,0,0
1865=0,0,1;1,0,0
1951=0,0,1;1,0,0
2031=0,0,1;1,0,0
2129=0,0,1;1,0,0
2051=0,0,1;1,0,0
2113=0,0,1;1,0,0
1987=0,0,1;1,0,0
1983=0,0,1;1,0,0
1766=0,0,1;1,0,0
1798=0,0,1;1,0,0
2054=0,0,1;1,0,0
1732=0,0,1;1,0,0
2000=1,0,0;1,0,0
1950=0,0,1;1,0,0
2148=0,0,1;1,0,0
2132=0,0,1;1,0,0
1832=0,0,1;1,0,0
2087=0,0,1;1,0,0
1778=0,0,1;1,0,0
1801=0,0,1;1,0,0
1915=0,0,1;1,0,0
2116=1,0,0;1,0,0
1763=0,0,1;1,0,0
2016=0,0,1;1,0,0
1867=0,0,1;1,0,0
2149=0,0,1;1,0,0
1882=0,0,1;1,0,0
1816=1,0,0;1,0,0
1981=0,0,1;1,0,0
2115=0,0,1;1,0,0
2001=0,0,1;1,0,0
1800=0,0,1;1,0,0
2134=0,0,1;1,0,0
1956=0,0,1;1,0,0
2150=0,0,1;1,0,0
1795=0,0,1;1,0,0
1761=1,0,0;1,0,0
1876=0,0,1;1,0,0
1810=0,0,1;1,0,0
1925=0,0,1;1,0,0
2118=0,0,1;1,0,0
1905=0,0,1;1,0,0
2133=1,0,0;1,0,0
1955=0,0,1;1,0,0
1777=0,0,1;1,0,0
2151=1,0,0;1,0,0
1794=1,0,0;1,0,0
2088=0,0,1;1,0,0
1762=0,0,1;1,0,0
1809=0,0,1;1,0,0
1892=0,0,1;1,0,0
2117=0,0,1;1,0,0
1877=0,0,1;1,0,0
1991=1,0,0;1,0,0
1924=0,0,1;1,0,0
1940=0,0,1;1,0,0
2007=0,0,1;1,0,0
2152=1,0,0;1,0,0
1969=0,0,1;1,0,0
1759=0,0,1;1,0,0
2019=0,0,1;1,0,0
2071=0,0,1;1,0,0
2136=0,0,1;1,0,0
1893=0,0,1;1,0,0
2038=0,0,1;1,0,0
2108=0,0,1;1,0,0
2120=0,0,1;1,0,0
2091=0,0,1;1,0,0
1984=0,0,1;1,0,0
2022=0,0,1;1,0,0
1775=1,0,0;1,0,0
2037=0,0,1;1,0,0
1970=0,0,1;1,0,0
1796=0,0,1;1,0,0
2153=1,0,0;1,0,0
1953=0,0,1;1,0,0
1811=1,0,0;1,0,0
2107=0,0,1;1,0,0
1792=0,0,1;1,0,0
1827=0,0,1;1,0,0
1989=1,0,0;1,0,0
2119=1,0,0;1,0,0
1938=0,0,1;1,0,0
1843=0,0,1;1,0,0
1922=0,0,1;1,0,0
2138=1,0,0;1,0,0
1975=0,0,1;1,0,0
1807=1,0,0;1,0,0
1757=0,0,1;1,0,0
2154=1,0,0;1,0,0
1960=0,0,1;1,0,0
1822=0,0,1;1,0,0
2093=0,0,1;1,0,0
1852=1,0,0;1,0,0
2122=0,0,1;1,0,0
2078=0,0,1;1,0,0
1909=0,0,1;1,0,0
2137=0,0,1;1,0,0
1976=0,0,1;1,0,0
2155=0,0,1;1,0,0
2109=0,0,1;1,0,0
1758=0,0,1;1,0,0
1853=0,0,1;1,0,0
1786=0,0,1;1,0,0
1857=0,0,1;1,0,0
2079=0,0,1;1,0,0
2121=0,0,1;1,0,0
2140=0,0,1;1,0,0
1740=0,0,1;1,0,0
1889=0,0,1;1,0,0
1755=0,0,1;1,0,0
2112=0,0,1;1,0,0
1992=0,0,1;1,0,0
1958=0,0,1;1,0,0
2156=0,0,1;1,0,0
2008=1,0,0;1,0,0
1874=1,0,0;1,0,0
1943=1,0,0;1,0,0
1858=0,0,1;1,0,0
1789=0,0,1;1,0,0
2124=0,0,1;1,0,0
2076=0,0,1;1,0,0
1907=0,0,1;1,0,0
1741=0,0,1;1,0,0
2060=1,0,0;1,0,0
2139=0,0,1;1,0,0
1993=0,0,1;1,0,0
1974=0,0,1;1,0,0
2111=0,0,1;1,0,0
1957=0,0,1;1,0,0
1942=0,0,1;1,0,0
1772=0,0,1;1,0,0
2157=0,0,1;1,0,0
2094=1,0,0;1,0,0
1859=0,0,1;1,0,0
2123=0,0,1;1,0,0
1979=1,0,0;0,1,0
1817=0,0,1;0,1,0
2125=0,0,1;0,1,0
2142=0,0,1;0,1,0
1870=0,0,1;0,1,0
1885=0,0,1;0,1,0
2050=0,0,1;0,1,0
1835=0,0,1;0,1,0
2144=0,0,1;0,1,0
1734=0,0,1;0,1,0
2146=1,0,0;0,1,0
2052=0,0,1;0,1,0
2084=0,0,1;0,1,0
1896=1,0,0;0,1,0
2034=0,0,1;0,1,0
1831=0,0,1;0,1,0
2131=0,0,1;0,1,0
1764=0,0,1;0,1,0
1748=1,0,0;0,1,0
1730=0,0,1;0,1,0
2106=0,0,1;0,1,0
1971=1,0,0;0,1,0
1891=1,0,0;0,1,0
1941=0,0,1;0,1,0
2105=0,0,1;0,1,0
1920=0,0,1;0,1,0
1746=0,0,1;0,1,0
2075=0,0,1;0,1,0
1825=0,0,1;0,1,0
1828=0,0,1;0,1,0
2135=1,0,0;0,1,0
1887=0,0,1;0,1,0
1910=1,0,0;0,1,0
2110=0,0,1;0,1,0
1872=0,0,1;0,1,0
1743=0,0,1;0,1,0
1774=0,0,1;0,1,0
1824=1,0,0;0,1,0
1854=0,0,1;0,1,0
1840=0,0,1;0,1,0
2141=0,0,1;0,1,0
1823=0,0,1;0,1,0
1998=0,0,1;0,0,1
2065=0,0,1;0,0,1
1883=0,0,1;0,0,1
1818=0,0,1;0,0,1
2044=0,0,1;0,0,1
1963=0,0,1;0,0,1
1978=0,0,1;0,0,1
2014=0,0,1;0,0,1
1899=0,0,1;0,0,1
1848=0,0,1;0,0,1
1933=0,0,1;0,0,1
1834=0,0,1;0,0,1
1913=0,0,1;0,0,1
2066=1,0,0;0,0,1
1932=0,0,1;0,0,1
1999=0,0,1;0,0,1
2043=0,0,1;0,0,1
1802=0,0,1;0,0,1
1884=0,0,1;0,0,1
1964=0,0,1;0,0,1
2027=1,0,0;0,0,1
2096=0,0,1;0,0,1
1849=0,0,1;0,0,1
1770=0,0,1;0,0,1
1948=0,0,1;0,0,1
1820=0,0,1;0,0,1
1912=0,0,1;0,0,1
1996=1,0,0;0,0,1
1736=0,0,1;0,0,1
2083=0,0,1;0,0,1
1901=0,0,1;0,0,1
2030=0,0,1;0,0,1
1850=0,0,1;0,0,1
1836=0,0,1;0,0,1
2080=0,0,1;0,0,1
1931=0,0,1;0,0,1
1785=0,0,1;0,0,1
2012=0,0,1;0,0,1
1751=1,0,0;0,0,1
1752=0,0,1;0,0,1
1819=0,0,1;0,0,1
2064=1,0,0;0,0,1
1886=1,0,0;0,0,1
1804=0,0,1;0,0,1
2045=0,0,1;0,0,1
1784=0,0,1;0,0,1
2098=0,0,1;0,0,1
1961=0,0,1;0,0,1
1851=0,0,1;0,0,1
2029=0,0,1;0,0,1
1946=0,0,1;0,0,1
2013=0,0,1;0,0,1
2017=0,0,1;0,0,1
2069=0,0,1;0,0,1
2085=0,0,1;0,0,1
1780=0,0,1;0,0,1
1895=0,0,1;0,0,1
1967=0,0,1;0,0,1
1880=0,0,1;0,0,1
1986=0,0,1;0,0,1
2047=0,0,1;0,0,1
1815=0,0,1;0,0,1
1982=0,0,1;0,0,1
1830=0,0,1;0,0,1
1937=0,0,1;0,0,1
1765=0,0,1;0,0,1
1864=0,0,1;0,0,1
1844=0,0,1;0,0,1
1799=1,0,0;0,0,1
2002=0,0,1;0,0,1
1749=0,0,1;0,0,1
2018=0,0,1;0,0,1
1735=1,0,0;0,0,1
1813=0,0,1;0,0,1
1968=1,0,0;0,0,1
1814=0,0,1;0,0,1
1916=0,0,1;0,0,1
2100=0,0,1;0,0,1
2046=0,0,1;0,0,1
1829=0,0,1;0,0,1
1845=0,0,1;0,0,1
1936=0,0,1;0,0,1
1750=0,0,1;0,0,1
2003=1,0,0;0,0,1
2015=0,0,1;0,0,1
1847=0,0,1;0,0,1
1866=0,0,1;0,0,1
1965=0,0,1;0,0,1
1881=0,0,1;0,0,1
2067=0,0,1;0,0,1
1781=0,0,1;0,0,1
1897=0,0,1;0,0,1
2103=0,0,1;0,0,1
1980=0,0,1;0,0,1
1728=0,0,1;0,0,1
1747=0,0,1;0,0,1
1846=0,0,1;0,0,1
1935=0,0,1;0,0,1
2068=0,0,1;0,0,1
1949=0,0,1;0,0,1
1733=0,0,1;0,0,1
1966=0,0,1;0,0,1
2033=1,0,0;0,0,1
2086=0,0,1;0,0,1
1779=1,0,0;0,0,1
2048=0,0,1;0,0,1
1985=0,0,1;0,0,1
1914=0,0,1;0,0,1
2102=0,0,1;0,0,1
1898=0,0,1;0,0,1
1934=0,0,1;0,0,1
2073=1,0,0;0,0,1
2021=0,0,1;0,0,1
1875=0,0,1;0,0,1
2036=1,0,0;0,0,1
2089=0,0,1;0,0,1
1791=0,0,1;0,0,1
1826=0,0,1;0,0,1
1990=0,0,1;0,0,1
1745=0,0,1;0,0,1
1860=0,0,1;0,0,1
2006=0,0,1;0,0,1
2057=0,0,1;0,0,1
1856=0,0,1;0,0,1
1972=1,0,0;0,0,1
1731=0,0,1;0,0,1
2074=0,0,1;0,0,1
2035=0,0,1;0,0,1
1790=0,0,1;0,0,1
2104=0,0,1;0,0,1
1841=0,0,1;0,0,1
1861=0,0,1;0,0,1
2058=0,0,1;0,0,1
1744=0,0,1;0,0,1
1904=0,0,1;0,0,1
1954=0,0,1;0,0,1
1812=0,0,1;0,0,1
1919=0,0,1;0,0,1
1988=0,0,1;0,0,1
1878=0,0,1;0,0,1
1797=0,0,1;0,0,1
1842=0,0,1;0,0,1
2004=0,0,1;0,0,1
2055=0,0,1;0,0,1
1862=0,0,1;0,0,1
1939=0,1,0;0,0,1
1923=0,0,1;0,0,1
1729=1,0,0;0,0,1
2020=1,0,0;0,0,1
2072=0,0,1;0,0,1
1894=0,0,1;0,0,1
1903=1,0,0;0,0,1
2090=1,0,0;0,0,1
1760=0,0,1;0,0,1
1918=0,0,1;0,0,1
1879=0,0,1;0,0,1
1776=0,0,1;0,0,1
2056=0,0,1;0,0,1
2005=0,0,1;0,0,1
1863=0,0,1;0,0,1
1742=0,0,1;0,0,1
2061=0,0,1;0,0,1
1994=0,0,1;0,0,1
2040=0,0,1;0,0,1
1773=0,0,1;0,0,1
2024=0,0,1;0,0,1
1838=0,0,1;0,0,1
1787=0,0,1;0,0,1
1929=0,0,1;0,0,1
2010=1,0,0;0,0,1
1821=0,0,1;0,0,1
1806=0,0,1;0,0,1
1888=0,0,1;0,0,1
1995=0,0,1;0,0,1
2062=1,0,0;0,0,1
1959=0,0,1;0,0,1
2039=0,0,1;0,0,1
1944=0,0,1;0,0,1
1873=1,0,0;0,0,1
2092=0,0,1;0,0,1
2023=0,0,1;0,0,1
1837=0,0,1;0,0,1
2011=0,0,1;0,0,1
1928=0,0,1;0,0,1
1908=0,0,1;0,0,1
1973=0,0,1;0,0,1
2042=0,0,1;0,0,1
1793=1,0,0;0,0,1
2095=0,0,1;0,0,1
1771=0,0,1;0,0,1
2026=1,0,0;0,0,1
1927=0,0,1;0,0,1
2059=0,0,1;0,0,1
1808=0,0,1;0,0,1
1890=0,0,1;0,0,1
2041=0,0,1;0,0,1
1756=0,0,1;0,0,1
2025=0,0,1;0,0,1
1839=0,0,1;0,0,1
1926=0,0,1;0,0,1
2009=1,0,0;0,0,1
1906=0,0,1;0,0,1
1788=0,0,1;0,0,1
1855=0,0,1;0,0,1
2077=0,0,1;0,0,1
2549=0,0,1;1,0,0
2358=1,0,0;1,0,0
2272=1,0,0;1,0,0
2342=1,0,0;1,0,0
2488=0,0,1;1,0,0
2289=0,0,1;1,0,0
2211=1,0,0;1,0,0
2325=0,0,1;1,0,0
2196=0,0,1;1,0,0
2419=1,0,0;1,0,0
2572=1,0,0;1,0,0
2227=1,0,0;1,0,0
2341=0,0,1;1,0,0
2550=0,0,1;1,0,0
2403=0,0,1;1,0,0
2517=0,0,1;1,0,0
2454=0,0,1;1,0,0
2210=0,0,1;1,0,0
2197=1,0,0;1,0,0
2360=0,0,1;1,0,0
2584=0,0,1;1,0,0
2160=0,0,1;1,0,0
2405=0,0,1;1,0,0
2531=0,0,1;1,0,0
2307=0,0,1;1,0,0
2344=1,0,0;1,0,0
2303=1,0,0;1,0,0
2499=0,0,1;1,0,0
2404=0,0,1;1,0,0
2181=1,0,0;1,0,0
2568=1,0,0;1,0,0
2271=0,0,1;1,0,0
2422=1,0,0;1,0,0
2585=1,0,0;1,0,0
2304=0,0,1;1,0,0
2287=0,0,1;1,0,0
2382=1,0,0;1,0,0
2305=0,0,1;1,0,0
2207=0,0,1;1,0,0
2431=1,0,0;1,0,0
2301=1,0,0;1,0,0
2476=0,0,1;1,0,0
2240=1,0,0;1,0,0
2520=0,0,1;1,0,0
2336=0,0,1;1,0,0
2323=0,0,1;1,0,0
2432=0,0,1;1,0,0
2302=0,0,1;1,0,0
2352=0,0,1;1,0,0
2201=0,0,1;1,0,0
2475=0,0,1;1,0,0
2239=0,0,1;1,0,0
2437=0,0,1;1,0,0
2353=1,0,0;1,0,0
2163=0,0,1;1,0,0
2356=1,0,0;1,0,0
2205=1,0,0;1,0,0
2266=1,0,0;1,0,0
2340=1,0,0;1,0,0
2490=0,0,1;1,0,0
2518=0,0,1;1,0,0
2282=0,0,1;1,0,0
2417=0,0,1;1,0,0
2164=0,0,1;1,0,0
2320=0,0,1;1,0,0
2267=0,0,1;1,0,0
2339=0,0,1;1,0,0
2383=0,0,1;1,0,0
2204=0,0,1;1,0,0
2552=0,0,1;1,0,0
2401=1,0,0;1,0,0
2384=0,0,1;1,0,0
2439=0,0,1;1,0,0
2300=0,0,1;1,0,0
2418=0,0,1;1,0,0
2456=1,0,0;1,0,0
2394=0,0,1;1,0,0
2317=1,0,0;1,0,0
2496=0,0,1;1,0,0
2187=0,0,1;1,0,0
2480=0,0,1;1,0,0
2219=1,0,0;1,0,0
2410=1,0,0;1,0,0
2463=1,0,0;1,0,0
2297=0,0,1;1,0,0
2248=0,0,1;1,0,0
2446=0,0,1;1,0,0
2236=0,0,1;1,0,0
2525=0,0,1;1,0,0
2377=0,0,1;1,0,0
2558=0,0,1;1,0,0
2167=0,0,1;1,0,0
2298=0,0,1;1,0,0
2365=0,0,1;1,0,0
2411=0,0,1;1,0,0
2264=0,0,1;1,0,0
2335=0,0,1;1,0,0
2494=0,0,1;1,0,0
2278=1,0,0;1,0,0
2294=0,0,1;1,0,0
2522=0,0,1;1,0,0
2217=0,0,1;1,0,0
2412=0,0,1;1,0,0
2233=0,0,1;1,0,0
2261=0,0,1;1,0,0
2316=1,0,0;1,0,0
2561=1,0,0;1,0,0
2379=1,0,0;1,0,0
2295=0,0,1;1,0,0
2397=0,0,1;1,0,0
2430=1,0,0;1,0,0
2350=1,0,0;1,0,0
2435=0,0,1;1,0,0
2468=0,0,1;1,0,0
2423=1,0,0;1,0,0
2528=0,0,1;1,0,0
2484=1,0,0;1,0,0
2407=0,0,1;1,0,0
2545=0,0,1;1,0,0
2390=0,0,1;1,0,0
2345=1,0,0;1,0,0
2511=0,0,1;1,0,0
2362=0,0,1;1,0,0
2497=0,0,1;1,0,0
2243=0,0,1;1,0,0
2424=0,0,1;1,0,0
2373=0,0,1;1,0,0
2277=0,0,1;1,0,0
2391=0,0,1;1,0,0
2328=1,0,0;1,0,0
2374=0,0,1;1,0,0
2361=1,0,0;1,0,0
2376=0,0,1;1,0,0
2466=0,0,1;1,0,0
2392=0,0,1;1,0,0
2331=1,0,0;1,0,0
2230=0,0,1;1,0,0
2542=0,0,1;1,0,0
2482=1,0,0;1,0,0
2291=1,0,0;1,0,0
2559=1,0,0;1,0,0
2172=1,0,0;1,0,0
2347=0,0,1;1,0,0
2274=0,0,1;1,0,0
2194=0,0,1;1,0,0
2509=1,0,0;1,0,0
2465=0,0,1;1,0,0
2448=0,0,1;1,0,0
2275=0,0,1;1,0,0
2481=1,0,0;1,0,0
2241=0,0,1;1,0,0
2464=0,0,1;1,0,0
2178=1,0,0;1,0,0
2447=0,0,1;1,0,0
2363=1,0,0;1,0,0
2472=1,0,0;0,1,0
2175=0,0,1;0,1,0
2179=0,0,1;0,1,0
2288=0,0,1;0,1,0
2534=0,0,1;0,1,0
2420=0,0,1;0,1,0
2286=0,0,1;0,1,0
2532=0,0,1;0,1,0
2485=1,0,0;0,1,0
2326=0,0,1;0,1,0
2498=0,0,1;0,1,0
2309=1,0,0;0,1,0
2492=1,0,0;0,1,0
2436=0,0,1;0,1,0
2590=0,0,1;0,1,0
2415=0,0,1;0,1,0
2222=0,0,1;0,1,0
2319=1,0,0;0,1,0
2238=1,0,0;0,1,0
2355=0,0,1;0,1,0
2188=0,0,1;0,1,0
2495=0,0,1;0,1,0
2445=1,0,0;0,1,0
2247=0,0,1;0,1,0
2315=0,0,1;0,1,0
2523=0,0,1;0,1,0
2493=0,0,1;0,1,0
2216=0,0,1;0,1,0
2460=1,0,0;0,1,0
2329=0,0,1;0,1,0
2244=0,0,1;0,1,0
2467=0,0,1;0,1,0
2231=0,0,1;0,1,0
2193=0,0,1;0,1,0
2512=1,0,0;0,1,0
2567=0,0,1;0,1,0
2449=0,0,1;0,1,0
2242=0,0,1;0,1,0
2212=0,0,1;0,1,0
2346=0,0,1;0,1,0
2370=0,0,1;0,0,1
2571=0,0,1;0,0,1
2586=0,0,1;0,0,1
2533=0,0,1;0,0,1
2228=0,0,1;0,0,1
2386=0,0,1;0,0,1
2256=0,0,1;0,0,1
2516=0,0,1;0,0,1
2440=0,0,1;0,0,1
2402=0,0,1;0,0,1
2310=0,0,1;0,0,1
2257=0,0,1;0,0,1
2570=0,0,1;0,0,1
2455=0,0,1;0,0,1
2501=0,0,1;0,0,1
2369=0,0,1;0,0,1
2587=0,0,1;0,0,1
2357=1,0,0;0,0,1
2471=0,0,1;0,0,1
2255=0,0,1;0,0,1
2387=0,0,1;0,0,1
2290=0,0,1;0,0,1
2487=0,0,1;0,0,1
2176=1,0,0;0,0,1
2324=1,0,0;0,0,1
2273=0,0,1;0,0,1
2500=0,0,1;0,0,1
2311=0,0,1;0,0,1
2180=1,0,0;0,0,1
2441=0,0,1;0,0,1
2421=0,0,1;0,0,1
2372=0,0,1;0,0,1
2270=0,0,1;0,0,1
2226=0,0,1;0,0,1
2388=0,0,1;0,0,1
2470=0,0,1;0,0,1
2486=0,0,1;0,0,1
2547=0,0,1;0,0,1
2254=1,0,0;0,0,1
2209=0,0,1;0,0,1
2453=0,0,1;0,0,1
2327=0,0,1;0,0,1
2442=0,0,1;0,0,1
2514=0,0,1;0,0,1
2198=0,0,1;0,0,1
2359=1,0,0;0,0,1
2371=0,0,1;0,0,1
2469=0,0,1;0,0,1
2253=0,0,1;0,0,1
2406=0,0,1;0,0,1
2208=0,0,1;0,0,1
2343=0,0,1;0,0,1
2308=1,0,0;0,0,1
2225=0,0,1;0,0,1
2548=0,0,1;0,0,1
2389=0,0,1;0,0,1
2224=0,0,1;0,0,1
2515=0,0,1;0,0,1
2452=0,0,1;0,0,1
2182=0,0,1;0,0,1
2443=0,0,1;0,0,1
2569=0,0,1;0,0,1
2199=0,0,1;0,0,1
2161=0,0,1;0,0,1
2354=0,0,1;0,0,1
2575=0,0,1;0,0,1
2268=0,0,1;0,0,1
2338=1,0,0;0,0,1
2414=1,0,0;0,0,1
2553=1,0,0;0,0,1
2252=0,0,1;0,0,1
2398=0,0,1;0,0,1
2223=0,0,1;0,0,1
2322=0,0,1;0,0,1
2537=0,0,1;0,0,1
2459=0,0,1;0,0,1
2337=0,0,1;0,0,1
2183=0,0,1;0,0,1
2162=0,0,1;0,0,1
2284=0,0,1;0,0,1
2200=0,0,1;0,0,1
2576=0,0,1;0,0,1
2184=0,0,1;0,0,1
2206=0,0,1;0,0,1
2269=0,0,1;0,0,1
2554=0,0,1;0,0,1
2381=0,0,1;0,0,1
2251=0,0,1;0,0,1
2306=0,0,1;0,0,1
2399=0,0,1;0,0,1
2491=0,0,1;0,0,1
2538=0,0,1;0,0,1
2458=0,0,1;0,0,1
2521=0,0,1;0,0,1
2285=0,0,1;0,0,1
2504=0,0,1;0,0,1
2591=0,0,1;0,0,1
2250=0,0,1;0,0,1
2416=0,0,1;0,0,1
2573=0,0,1;0,0,1
2474=0,0,1;0,0,1
2551=0,0,1;0,0,1
2185=0,0,1;0,0,1
2400=0,0,1;0,0,1
2221=0,0,1;0,0,1
2202=0,0,1;0,0,1
2535=0,0,1;0,0,1
2457=0,0,1;0,0,1
2438=0,0,1;0,0,1
2299=0,0,1;0,0,1
2588=0,0,1;0,0,1
2503=0,0,1;0,0,1
2489=0,0,1;0,0,1
2574=0,0,1;0,0,1
2473=0,0,1;0,0,1
2186=0,0,1;0,0,1
2385=0,0,1;0,0,1
2249=1,0,0;0,0,1
2321=0,0,1;0,0,1
2165=0,0,1;0,0,1
2283=1,0,0;0,0,1
2203=0,0,1;0,0,1
2536=0,0,1;0,0,1
2220=0,0,1;0,0,1
2519=0,0,1;0,0,1
2502=0,0,1;0,0,1
2237=0,0,1;0,0,1
2589=0,0,1;0,0,1
2578=0,0,1;0,0,1
2280=0,0,1;0,0,1
2524=0,0,1;0,0,1
2378=0,0,1;0,0,1
2296=1,0,0;0,0,1
2540=1,0,0;0,0,1
2562=0,0,1;0,0,1
2333=0,0,1;0,0,1
2349=0,0,1;0,0,1
2427=0,0,1;0,0,1
2557=0,0,1;0,0,1
2166=0,0,1;0,0,1
2366=0,0,1;0,0,1
2507=0,0,1;0,0,1
2579=0,0,1;0,0,1
2263=0,0,1;0,0,1
2462=0,0,1;0,0,1
2318=0,0,1;0,0,1
2395=0,0,1;0,0,1
2265=0,0,1;0,0,1
2563=0,0,1;0,0,1
2332=0,0,1;0,0,1
2541=0,0,1;0,0,1
2478=0,0,1;0,0,1
2479=0,0,1;0,0,1
2433=0,0,1;0,0,1
2428=0,0,1;0,0,1
2281=0,0,1;0,0,1
2348=0,0,1;0,0,1
2218=0,0,1;0,0,1
2235=0,0,1;0,0,1
2508=0,0,1;0,0,1
2506=0,0,1;0,0,1
2262=0,0,1;0,0,1
2396=0,0,1;0,0,1
2461=0,0,1;0,0,1
2555=0,0,1;0,0,1
2189=0,0,1;0,0,1
2380=0,0,1;0,0,1
2351=0,0,1;0,0,1
2539=0,0,1;0,0,1
2168=1,0,0;0,0,1
2368=0,0,1;0,0,1
2246=0,0,1;0,0,1
2429=1,0,0;0,0,1
2234=0,0,1;0,0,1
2434=0,0,1;0,0,1
2505=0,0,1;0,0,1
2577=0,0,1;0,0,1
2279=0,0,1;0,0,1
2556=0,0,1;0,0,1
2334=0,0,1;0,0,1
2190=0,0,1;0,0,1
2477=1,0,0;0,0,1
2169=0,0,1;0,0,1
2413=0,0,1;0,0,1
2367=0,0,1;0,0,1
2245=0,0,1;0,0,1
2260=0,0,1;0,0,1
2582=0,0,1;0,0,1
2529=1,0,0;0,0,1
2232=1,0,0;0,0,1
2191=0,0,1;0,0,1
2313=0,0,1;0,0,1
2544=0,0,1;0,0,1
2170=0,0,1;0,0,1
2215=0,0,1;0,0,1
2276=0,0,1;0,0,1
2566=0,0,1;0,0,1
2444=0,0,1;0,0,1
2451=0,0,1;0,0,1
2583=0,0,1;0,0,1
2192=1,0,0;0,0,1
2259=0,0,1;0,0,1
2530=0,0,1;0,0,1
2214=0,0,1;0,0,1
2483=0,0,1;0,0,1
2314=0,0,1;0,0,1
2546=1,0,0;0,0,1
2293=0,0,1;0,0,1
2171=0,0,1;0,0,1
2450=0,0,1;0,0,1
2513=0,0,1;0,0,1
2177=0,0,1;0,0,1
2526=0,0,1;0,0,1
2564=0,0,1;0,0,1
2580=0,0,1;0,0,1
2425=0,0,1;0,0,1
2408=0,0,1;0,0,1
2173=0,0,1;0,0,1
2213=0,0,1;0,0,1
2312=1,0,0;0,0,1
2364=1,0,0;0,0,1
2393=0,0,1;0,0,1
2581=0,0,1;0,0,1
2527=1,0,0;0,0,1
2330=0,0,1;0,0,1
2375=0,0,1;0,0,1
2543=0,0,1;0,0,1
2229=0,0,1;0,0,1
2292=0,0,1;0,0,1
2565=0,0,1;0,0,1
2426=0,0,1;0,0,1
2560=0,0,1;0,0,1
2174=0,0,1;0,0,1
2409=0,0,1;0,0,1
2258=0,0,1;0,0,1
2510=0,0,1;0,0,1
2195=0,0,1;0,0,1
2978=1,0,0;1,0,0
2777=1,0,0;1,0,0
2619=0,0,1;1,0,0
2892=1,0,0;1,0,0
2701=0,0,1;1,0,0
2647=1,0,0;1,0,0
2795=1,0,0;1,0,0
2734=0,0,1;1,0,0
2631=0,0,1;1,0,0
2702=1,0,0;1,0,0
2735=0,0,1;1,0,0
2679=1,0,0;1,0,0
2810=0,0,1;1,0,0
2760=1,0,0;1,0,0
3021=0,0,1;1,0,0
2792=1,0,0;1,0,0
2775=0,0,1;1,0,0
2666=0,0,1;1,0,0
2807=1,0,0;1,0,0
2963=0,0,1;1,0,0
2759=1,0,0;1,0,0
2947=1,0,0;1,0,0
2719=0,0,1;1,0,0
2830=0,0,1;1,0,0
2791=0,0,1;1,0,0
2681=0,0,1;1,0,0
2632=0,0,1;1,0,0
2948=1,0,0;1,0,0
2964=1,0,0;1,0,0
2689=0,0,1;1,0,0
2720=1,0,0;1,0,0
2737=0,0,1;1,0,0
2608=0,0,1;1,0,0
2874=1,0,0;1,0,0
2860=0,0,1;1,0,0
2921=0,0,1;1,0,0
2635=1,0,0;1,0,0
2843=1,0,0;1,0,0
2667=0,0,1;1,0,0
2920=1,0,0;1,0,0
2683=0,0,1;1,0,0
2771=0,0,1;1,0,0
2756=1,0,0;1,0,0
2890=1,0,0;1,0,0
2995=0,0,1;1,0,0
2804=0,0,1;1,0,0
2923=0,0,1;1,0,0
2755=0,0,1;1,0,0
2841=1,0,0;1,0,0
2685=0,0,1;1,0,0
2622=1,0,0;1,0,0
2607=1,0,0;1,0,0
2707=0,0,1;1,0,0
3023=0,0,1;1,0,0
2976=0,0,1;1,0,0
2691=0,0,1;1,0,0
2875=0,0,1;1,0,0
2769=0,0,1;1,0,0
2899=1,0,0;1,0,0
2802=1,0,0;1,0,0
2856=0,0,1;1,0,0
2741=0,0,1;1,0,0
2687=0,0,1;1,0,0
2595=0,0,1;1,0,0
2692=1,0,0;1,0,0
2931=0,0,1;1,0,0
2784=1,0,0;1,0,0
2857=0,0,1;1,0,0
2727=0,0,1;1,0,0
3013=1,0,0;1,0,0
2783=0,0,1;1,0,0
2934=0,0,1;1,0,0
2971=0,0,1;1,0,0
2728=1,0,0;1,0,0
2785=1,0,0;1,0,0
2592=0,0,1;1,0,0
2955=0,0,1;1,0,0
2694=0,0,1;1,0,0
2711=0,0,1;1,0,0
2657=1,0,0;1,0,0
2782=1,0,0;1,0,0
2610=0,0,1;1,0,0
2972=0,0,1;1,0,0
2640=0,0,1;1,0,0
2822=0,0,1;1,0,0
2643=0,0,1;1,0,0
2697=0,0,1;1,0,0
2834=0,0,1;1,0,0
2943=0,0,1;1,0,0
2989=0,0,1;1,0,0
2799=1,0,0;1,0,0
2780=0,0,1;1,0,0
2659=0,0,1;1,0,0
2698=0,0,1;1,0,0
3004=1,0,0;1,0,0
2765=0,0,1;1,0,0
2835=0,0,1;1,0,0
2626=1,0,0;1,0,0
2616=0,0,1;1,0,0
2713=0,0,1;1,0,0
2798=0,0,1;1,0,0
2675=1,0,0;1,0,0
2779=0,0,1;1,0,0
2850=0,0,1;1,0,0
2848=0,0,1;1,0,0
2645=0,0,1;1,0,0
2678=0,0,1;1,0,0
2714=0,0,1;1,0,0
2915=0,0,1;1,0,0
2811=0,0,1;1,0,0
2866=0,0,1;1,0,0
2818=1,0,0;1,0,0
2700=1,0,0;1,0,0
2881=1,0,0;1,0,0
2598=0,0,1;1,0,0
2677=0,0,1;1,0,0
2733=0,0,1;1,0,0
2796=0,0,1;1,0,0
2715=1,0,0;1,0,0
2812=0,0,1;1,0,0
2628=0,0,1;1,0,0
2749=1,0,0;1,0,0
2930=0,0,1;1,0,0
2716=1,0,0;0,1,0
2680=0,0,1;0,1,0
2776=0,0,1;0,1,0
2946=0,0,1;0,1,0
2962=0,0,1;0,1,0
2909=1,0,0;0,1,0
2793=0,0,1;0,1,0
2682=0,0,1;0,1,0
2633=1,0,0;0,1,0
2774=0,0,1;0,1,0
3019=0,0,1;0,1,0
2651=1,0,0;0,1,0
2888=1,0,0;0,1,0
2684=0,0,1;0,1,0
2722=0,0,1;0,1,0
2757=0,0,1;0,1,0
2690=0,0,1;0,1,0
2861=0,0,1;0,1,0
2858=0,0,1;0,1,0
2725=1,0,0;0,1,0
2788=1,0,0;0,1,0
2655=0,0,1;0,1,0
2787=1,0,0;0,1,0
2786=1,0,0;0,1,0
2672=1,0,0;0,1,0
2837=0,0,1;0,1,0
2674=0,0,1;0,1,0
2696=1,0,0;0,1,0
2594=1,0,0;0,1,0
3018=0,0,1;0,1,0
2745=0,0,1;0,1,0
2965=0,0,1;0,1,0
2895=0,0,1;0,1,0
2836=1,0,0;0,1,0
2988=0,0,1;0,1,0
2817=1,0,0;0,1,0
2951=0,0,1;0,1,0
2929=0,0,1;0,1,0
2833=0,0,1;0,1,0
2831=0,0,1;0,0,1
2762=1,0,0;0,0,1
2907=0,0,1;0,0,1
2664=1,0,0;0,0,1
2993=0,0,1;0,0,1
2846=0,0,1;0,0,1
2864=0,0,1;0,0,1
2945=0,0,1;0,0,1
2939=0,0,1;0,0,1
2925=0,0,1;0,0,1
2604=1,0,0;0,0,1
2961=0,0,1;0,0,1
2809=0,0,1;0,0,1
2748=0,0,1;0,0,1
2878=0,0,1;0,0,1
3022=0,0,1;0,0,1
2832=0,0,1;0,0,1
2906=0,0,1;0,0,1
2646=0,0,1;0,0,1
2717=0,0,1;0,0,1
2979=0,0,1;0,0,1
2849=0,0,1;0,0,1
3008=0,0,1;0,0,1
2620=0,0,1;0,0,1
2663=1,0,0;0,0,1
2847=0,0,1;0,0,1
2891=0,0,1;0,0,1
2761=0,0,1;0,0,1
2992=0,0,1;0,0,1
2605=0,0,1;0,0,1
2794=0,0,1;0,0,1
2940=0,0,1;0,0,1
2877=0,0,1;0,0,1
2924=1,0,0;0,0,1
2630=0,0,1;0,0,1
2865=0,0,1;0,0,1
2747=0,0,1;0,0,1
2829=0,0,1;0,0,1
2703=1,0,0;0,0,1
2980=0,0,1;0,0,1
2894=0,0,1;0,0,1
2649=0,0,1;0,0,1
2718=0,0,1;0,0,1
3007=0,0,1;0,0,1
2617=0,0,1;0,0,1
2844=0,0,1;0,0,1
2736=0,0,1;0,0,1
2862=0,0,1;0,0,1
2991=0,0,1;0,0,1
2602=0,0,1;0,0,1
2927=0,0,1;0,0,1
3006=0,0,1;0,0,1
2880=0,0,1;0,0,1
2941=0,0,1;0,0,1
3020=0,0,1;0,0,1
2704=0,0,1;0,0,1
2981=0,0,1;0,0,1
2893=0,0,1;0,0,1
2908=0,0,1;0,0,1
2648=0,0,1;0,0,1
2665=0,0,1;0,0,1
2808=0,0,1;0,0,1
2845=0,0,1;0,0,1
2990=0,0,1;0,0,1
2863=0,0,1;0,0,1
2618=0,0,1;0,0,1
2926=0,0,1;0,0,1
2721=0,0,1;0,0,1
2603=1,0,0;0,0,1
2879=0,0,1;0,0,1
2758=1,0,0;0,0,1
2942=0,0,1;0,0,1
2957=0,0,1;0,0,1
2827=0,0,1;0,0,1
2842=0,0,1;0,0,1
2773=0,0,1;0,0,1
2623=0,0,1;0,0,1
2790=0,0,1;0,0,1
2668=0,0,1;0,0,1
2997=0,0,1;0,0,1
2903=0,0,1;0,0,1
2806=0,0,1;0,0,1
2669=1,0,0;0,0,1
3010=0,0,1;0,0,1
2650=0,0,1;0,0,1
2828=0,0,1;0,0,1
2772=0,0,1;0,0,1
2887=0,0,1;0,0,1
2973=0,0,1;0,0,1
2738=0,0,1;0,0,1
2789=0,0,1;0,0,1
2996=0,0,1;0,0,1
2624=0,0,1;0,0,1
2805=0,0,1;0,0,1
2723=0,0,1;0,0,1
2634=0,0,1;0,0,1
2936=0,0,1;0,0,1
2873=0,0,1;0,0,1
2705=0,0,1;0,0,1
3009=0,0,1;0,0,1
2958=0,0,1;0,0,1
2959=0,0,1;0,0,1
2653=0,0,1;0,0,1
2974=0,0,1;0,0,1
2638=1,0,0;0,0,1
2905=0,0,1;0,0,1
2621=0,0,1;0,0,1
2739=1,0,0;0,0,1
2825=0,0,1;0,0,1
2606=0,0,1;0,0,1
2724=0,0,1;0,0,1
2937=0,0,1;0,0,1
2706=0,0,1;0,0,1
2671=0,0,1;0,0,1
2876=0,0,1;0,0,1
2960=0,0,1;0,0,1
2652=0,0,1;0,0,1
2975=0,0,1;0,0,1
2977=1,0,0;0,0,1
2637=0,0,1;0,0,1
2994=1,0,0;0,0,1
2740=0,0,1;0,0,1
2904=0,0,1;0,0,1
2826=0,0,1;0,0,1
2803=0,0,1;0,0,1
2889=0,0,1;0,0,1
2859=0,0,1;0,0,1
2938=0,0,1;0,0,1
2686=0,0,1;0,0,1
2670=0,0,1;0,0,1
2754=1,0,0;0,0,1
2922=0,0,1;0,0,1
2770=0,0,1;0,0,1
2636=0,0,1;0,0,1
3001=0,0,1;0,0,1
2871=0,0,1;0,0,1
2884=0,0,1;0,0,1
2693=0,0,1;0,0,1
2917=0,0,1;0,0,1
2986=0,0,1;0,0,1
2611=0,0,1;0,0,1
2839=1,0,0;0,0,1
2726=0,0,1;0,0,1
2969=1,0,0;0,0,1
2639=1,0,0;0,0,1
3014=0,0,1;0,0,1
2823=0,0,1;0,0,1
2753=0,0,1;0,0,1
2708=0,0,1;0,0,1
2953=0,0,1;0,0,1
2709=0,0,1;0,0,1
2933=0,0,1;0,0,1
2870=0,0,1;0,0,1
2883=0,0,1;0,0,1
2987=0,0,1;0,0,1
2596=0,0,1;0,0,1
2898=0,0,1;0,0,1
2625=0,0,1;0,0,1
2688=1,0,0;0,0,1
3000=0,0,1;0,0,1
2801=0,0,1;0,0,1
2612=1,0,0;0,0,1
2742=0,0,1;0,0,1
2970=0,0,1;0,0,1
2840=0,0,1;0,0,1
2916=0,0,1;0,0,1
2932=0,0,1;0,0,1
2824=0,0,1;0,0,1
2954=0,0,1;0,0,1
2654=0,0,1;0,0,1
2710=0,0,1;0,0,1
2695=0,0,1;0,0,1
2658=0,0,1;0,0,1
2768=0,0,1;0,0,1
2919=0,0,1;0,0,1
2641=0,0,1;0,0,1
2743=0,0,1;0,0,1
2999=0,0,1;0,0,1
2901=0,0,1;0,0,1
2854=0,0,1;0,0,1
2821=0,0,1;0,0,1
2815=0,0,1;0,0,1
2902=0,0,1;0,0,1
3012=0,0,1;0,0,1
2593=0,0,1;0,0,1
2886=0,0,1;0,0,1
2609=1,0,0;0,0,1
2998=0,0,1;0,0,1
2935=0,0,1;0,0,1
2885=0,0,1;0,0,1
2872=0,0,1;0,0,1
2767=0,0,1;0,0,1
2918=0,0,1;0,0,1
2900=0,0,1;0,0,1
2855=0,0,1;0,0,1
2744=0,0,1;0,0,1
2838=0,0,1;0,0,1
3011=0,0,1;0,0,1
2816=0,0,1;0,0,1
2800=0,0,1;0,0,1
2956=0,0,1;0,0,1
2729=1,0,0;0,0,1
2656=1,0,0;0,0,1
2673=0,0,1;0,0,1
2781=0,0,1;0,0,1
2867=0,0,1;0,0,1
2911=0,0,1;0,0,1
2982=0,0,1;0,0,1
2660=0,0,1;0,0,1
2928=0,0,1;0,0,1
2896=0,0,1;0,0,1
3005=0,0,1;0,0,1
2852=0,0,1;0,0,1
2819=1,0,0;0,0,1
2599=0,0,1;0,0,1
2766=0,0,1;0,0,1
2615=0,0,1;0,0,1
2813=0,0,1;0,0,1
2627=1,0,0;0,0,1
2913=0,0,1;0,0,1
2949=0,0,1;0,0,1
2676=0,0,1;0,0,1
2752=0,0,1;0,0,1
2730=0,0,1;0,0,1
2712=0,0,1;0,0,1
2746=0,0,1;0,0,1
2983=0,0,1;0,0,1
2600=1,0,0;0,0,1
2853=0,0,1;0,0,1
2642=0,0,1;0,0,1
2820=0,0,1;0,0,1
2910=0,0,1;0,0,1
2814=0,0,1;0,0,1
2966=0,0,1;0,0,1
2601=0,0,1;0,0,1
2731=0,0,1;0,0,1
2751=0,0,1;0,0,1
2950=0,0,1;0,0,1
2944=0,0,1;0,0,1
3017=0,0,1;0,0,1
2882=0,0,1;0,0,1
2984=0,0,1;0,0,1
2869=0,0,1;0,0,1
2662=0,0,1;0,0,1
2699=0,0,1;0,0,1
2897=0,0,1;0,0,1
2597=0,0,1;0,0,1
2764=0,0,1;0,0,1
3003=0,0,1;0,0,1
2967=0,0,1;0,0,1
2613=0,0,1;0,0,1
2750=1,0,0;0,0,1
2732=0,0,1;0,0,1
2629=0,0,1;0,0,1
2797=0,0,1;0,0,1
3016=0,0,1;0,0,1
2868=0,0,1;0,0,1
3002=0,0,1;0,0,1
2851=0,0,1;0,0,1
2661=0,0,1;0,0,1
2778=0,0,1;0,0,1
2985=0,0,1;0,0,1
2644=0,0,1;0,0,1
2912=0,0,1;0,0,1
2763=0,0,1;0,0,1
2614=0,0,1;0,0,1
2952=0,0,1;0,0,1
2914=0,0,1;0,0,1
3015=0,0,1;0,0,1
2968=1,0,0;0,0,1
3037=0,0,1;1,0,0
3337=0,0,1;1,0,0
3154=0,0,1;1,0,0
3399=0,0,1;1,0,0
3255=0,0,1;1,0,0
3199=0,0,1;1,0,0
3413=0,0,1;1,0,0
3139=1,0,0;1,0,0
3070=0,0,1;1,0,0
3107=0,0,1;1,0,0
3091=0,0,1;1,0,0
3256=0,0,1;1,0,0
3153=0,0,1;1,0,0
3075=0,0,1;1,0,0
3090=0,0,1;1,0,0
3225=0,0,1;1,0,0
3415=0,0,1;1,0,0
3328=0,0,1;1,0,0
3271=0,0,1;1,0,0
3158=0,0,1;1,0,0
3258=0,0,1;1,0,0
3296=1,0,0;1,0,0
3211=0,0,1;1,0,0
3228=0,0,1;1,0,0
3289=0,0,1;1,0,0
3327=0,0,1;1,0,0
3188=0,0,1;1,0,0
3310=0,0,1;1,0,0
3272=0,0,1;1,0,0
3441=0,0,1;1,0,0
3395=0,0,1;1,0,0
3295=0,0,1;1,0,0
3350=1,0,0;1,0,0
3213=0,0,1;1,0,0
3095=1,0,0;1,0,0
3408=0,0,1;1,0,0
3109=0,0,1;1,0,0
3078=0,0,1;1,0,0
3325=1,0,0;1,0,0
3243=0,0,1;1,0,0
3110=0,0,1;1,0,0
3126=0,0,1;1,0,0
3425=0,0,1;1,0,0
3261=0,0,1;1,0,0
3406=0,0,1;1,0,0
3329=0,0,1;1,0,0
3132=0,0,1;1,0,0
3323=0,0,1;1,0,0
3245=1,0,0;1,0,0
3291=0,0,1;1,0,0
3046=0,0,1;1,0,0
3063=1,0,0;1,0,0
3376=0,0,1;1,0,0
3424=1,0,0;1,0,0
3178=0,0,1;1,0,0
3304=0,0,1;1,0,0
3455=0,0,1;1,0,0
3438=0,0,1;1,0,0
3216=0,0,1;1,0,0
3177=0,0,1;1,0,0
3303=0,0,1;1,0,0
3027=0,0,1;1,0,0
3391=0,0,1;1,0,0
3217=0,0,1;1,0,0
3145=0,0,1;1,0,0
3280=0,0,1;1,0,0
3449=0,0,1;1,0,0
3432=0,0,1;1,0,0
3034=0,0,1;1,0,0
3388=0,0,1;1,0,0
3167=0,0,1;1,0,0
3358=0,0,1;1,0,0
3403=0,0,1;1,0,0
3051=1,0,0;1,0,0
3389=0,0,1;1,0,0
3087=1,0,0;1,0,0
3339=0,0,1;1,0,0
3032=0,0,1;1,0,0
3386=0,0,1;1,0,0
3451=1,0,0;1,0,0
3266=0,0,1;1,0,0
3434=0,0,1;1,0,0
3419=1,0,0;1,0,0
3356=0,0,1;1,0,0
3401=0,0,1;1,0,0
3198=0,0,1;1,0,0
3181=0,0,1;1,0,0
3236=0,0,1;1,0,0
3433=0,0,1;1,0,0
3204=1,0,0;1,0,0
3207=0,0,1;0,1,0
3184=1,0,0;0,1,0
3268=0,0,1;0,1,0
3237=0,0,1;0,1,0
3124=1,0,0;0,1,0
3223=0,0,1;0,1,0
3430=0,0,1;0,1,0
3240=0,0,1;0,1,0
3311=0,0,1;0,1,0
3288=0,0,1;0,1,0
3333=0,0,1;0,1,0
3081=0,0,1;0,1,0
3042=1,0,0;0,1,0
3143=1,0,0;0,1,0
3097=0,0,1;0,1,0
3187=0,0,1;0,1,0
3039=0,0,1;0,1,0
3041=0,0,1;0,1,0
3274=0,0,1;0,1,0
3140=0,0,1;0,1,0
3079=1,0,0;0,1,0
3157=0,0,1;0,1,0
3347=0,0,1;0,1,0
3072=1,0,0;0,1,0
3215=0,0,1;0,1,0
3047=0,0,1;0,1,0
3231=0,0,1;0,1,0
3115=1,0,0;0,1,0
3029=0,0,1;0,1,0
3101=0,0,1;0,1,0
3201=1,0,0;0,1,0
3028=0,0,1;0,1,0
3373=0,0,1;0,1,0
3321=0,0,1;0,1,0
3130=0,0,1;0,1,0
3150=0,0,1;0,1,0
3089=1,0,0;0,1,0
3180=0,0,1;0,1,0
3340=0,0,1;0,1,0
3088=0,0,1;0,1,0
3168=1,0,0;0,1,0
3165=0,0,1;0,1,0
3065=1,0,0;0,1,0
3450=0,0,1;0,1,0
3049=0,0,1;0,1,0
3387=1,0,0;0,1,0
3103=1,0,0;0,1,0
3445=0,0,1;0,0,1
3398=0,0,1;0,0,1
3384=0,0,1;0,0,1
3353=0,0,1;0,0,1
3368=0,0,1;0,0,1
3093=0,0,1;0,0,1
3076=0,0,1;0,0,1
3138=0,0,1;0,0,1
3054=1,0,0;0,0,1
3200=0,0,1;0,0,1
3414=0,0,1;0,0,1
3428=0,0,1;0,0,1
3253=0,0,1;0,0,1
3298=0,0,1;0,0,1
3069=0,0,1;0,0,1
3108=1,0,0;0,0,1
3224=0,0,1;0,0,1
3123=0,0,1;0,0,1
3285=0,0,1;0,0,1
3206=0,0,1;0,0,1
3036=0,0,1;0,0,1
3183=0,0,1;0,0,1
3238=0,0,1;0,0,1
3354=0,0,1;0,0,1
3297=0,0,1;0,0,1
3092=0,0,1;0,0,1
3155=0,0,1;0,0,1
3314=0,0,1;0,0,1
3055=0,0,1;0,0,1
3077=0,0,1;0,0,1
3427=0,0,1;0,0,1
3254=0,0,1;0,0,1
3385=0,0,1;0,0,1
3444=0,0,1;0,0,1
3269=0,0,1;0,0,1
3400=0,0,1;0,0,1
3286=0,0,1;0,0,1
3382=0,0,1;0,0,1
3035=0,0,1;0,0,1
3170=0,0,1;0,0,1
3396=0,0,1;0,0,1
3152=1,0,0;0,0,1
3074=0,0,1;0,0,1
3366=0,0,1;0,0,1
3313=0,0,1;0,0,1
3209=0,0,1;0,0,1
3121=0,0,1;0,0,1
3052=0,0,1;0,0,1
3416=0,0,1;0,0,1
3226=0,0,1;0,0,1
3239=0,0,1;0,0,1
3351=0,0,1;0,0,1
3106=0,0,1;0,0,1
3397=0,0,1;0,0,1
3447=0,0,1;0,0,1
3186=0,0,1;0,0,1
3312=1,0,0;0,0,1
3336=0,0,1;0,0,1
3270=0,0,1;0,0,1
3287=0,0,1;0,0,1
3169=0,0,1;0,0,1
3446=0,0,1;0,0,1
3383=0,0,1;0,0,1
3257=0,0,1;0,0,1
3208=0,0,1;0,0,1
3137=0,0,1;0,0,1
3367=0,0,1;0,0,1
3053=0,0,1;0,0,1
3334=1,0,0;0,0,1
3122=0,0,1;0,0,1
3068=0,0,1;0,0,1
3429=0,0,1;0,0,1
3352=0,0,1;0,0,1
3105=0,0,1;0,0,1
3335=0,0,1;0,0,1
3185=0,0,1;0,0,1
3380=0,0,1;0,0,1
3172=0,0,1;0,0,1
3440=0,0,1;0,0,1
3043=0,0,1;0,0,1
3364=0,0,1;0,0,1
3394=0,0,1;0,0,1
3058=0,0,1;0,0,1
3111=0,0,1;0,0,1
3410=0,0,1;0,0,1
3127=0,0,1;0,0,1
3142=0,0,1;0,0,1
3363=0,0,1;0,0,1
3098=0,0,1;0,0,1
3026=0,0,1;0,0,1
3241=0,0,1;0,0,1
3171=0,0,1;0,0,1
3040=0,0,1;0,0,1
3259=0,0,1;0,0,1
3159=0,0,1;0,0,1
3381=1,0,0;0,0,1
3096=0,0,1;0,0,1
3210=0,0,1;0,0,1
3365=0,0,1;0,0,1
3112=0,0,1;0,0,1
3349=0,0,1;0,0,1
3059=0,0,1;0,0,1
3332=1,0,0;0,0,1
3273=0,0,1;0,0,1
3227=0,0,1;0,0,1
3025=0,0,1;0,0,1
3128=0,0,1;0,0,1
3326=0,0,1;0,0,1
3439=0,0,1;0,0,1
3309=0,0,1;0,0,1
3080=0,0,1;0,0,1
3242=0,0,1;0,0,1
3378=0,0,1;0,0,1
3294=0,0,1;0,0,1
3056=0,0,1;0,0,1
3331=0,0,1;0,0,1
3174=0,0,1;0,0,1
3156=0,0,1;0,0,1
3412=0,0,1;0,0,1
3348=1,0,0;0,0,1
3071=0,0,1;0,0,1
3409=0,0,1;0,0,1
3190=0,0,1;0,0,1
3125=0,0,1;0,0,1
3426=0,0,1;0,0,1
3024=0,0,1;0,0,1
3443=0,0,1;0,0,1
3361=0,0,1;0,0,1
3260=0,0,1;0,0,1
3308=0,0,1;0,0,1
3293=0,0,1;0,0,1
3173=0,0,1;0,0,1
3094=1,0,0;0,0,1
3038=0,0,1;0,0,1
3212=0,0,1;0,0,1
3330=0,0,1;0,0,1
3230=0,0,1;0,0,1
3393=0,0,1;0,0,1
3411=1,0,0;0,0,1
3057=0,0,1;0,0,1
3275=0,0,1;0,0,1
3189=0,0,1;0,0,1
3324=0,0,1;0,0,1
3229=0,0,1;0,0,1
3362=0,0,1;0,0,1
3141=0,0,1;0,0,1
3244=0,0,1;0,0,1
3442=1,0,0;0,0,1
3379=0,0,1;0,0,1
3307=0,0,1;0,0,1
3085=0,0,1;0,0,1
3176=1,0,0;0,0,1
3276=0,0,1;0,0,1
3062=0,0,1;0,0,1
3162=0,0,1;0,0,1
3292=0,0,1;0,0,1
3346=0,0,1;0,0,1
3422=0,0,1;0,0,1
3375=0,0,1;0,0,1
3030=0,0,1;0,0,1
3262=0,0,1;0,0,1
3102=0,0,1;0,0,1
3392=1,0,0;0,0,1
3146=0,0,1;0,0,1
3192=0,0,1;0,0,1
3436=0,0,1;0,0,1
3306=0,0,1;0,0,1
3453=0,0,1;0,0,1
3214=0,0,1;0,0,1
3163=0,0,1;0,0,1
3084=0,0,1;0,0,1
3377=0,0,1;0,0,1
3344=1,0,0;0,0,1
3175=0,0,1;0,0,1
3407=0,0,1;0,0,1
3232=0,0,1;0,0,1
3116=0,0,1;0,0,1
3277=0,0,1;0,0,1
3345=0,0,1;0,0,1
3133=0,0,1;0,0,1
3421=0,0,1;0,0,1
3305=0,0,1;0,0,1
3452=0,0,1;0,0,1
3322=0,0,1;0,0,1
3191=0,0,1;0,0,1
3263=0,0,1;0,0,1
3246=0,0,1;0,0,1
3147=0,0,1;0,0,1
3435=0,0,1;0,0,1
3343=0,0,1;0,0,1
3060=0,0,1;0,0,1
3160=0,0,1;0,0,1
3083=0,0,1;0,0,1
3045=0,0,1;0,0,1
3404=0,0,1;0,0,1
3320=0,0,1;0,0,1
3359=0,0,1;0,0,1
3290=1,0,0;0,0,1
3113=0,0,1;0,0,1
3278=0,0,1;0,0,1
3247=0,0,1;0,0,1
3194=0,0,1;0,0,1
3129=0,0,1;0,0,1
3100=0,0,1;0,0,1
3264=0,0,1;0,0,1
3144=0,0,1;0,0,1
3390=0,0,1;0,0,1
3218=0,0,1;0,0,1
3061=1,0,0;0,0,1
3082=1,0,0;0,0,1
3161=0,0,1;0,0,1
3405=0,0,1;0,0,1
3342=0,0,1;0,0,1
3044=0,0,1;0,0,1
3279=1,0,0;0,0,1
3249=0,0,1;0,0,1
3360=0,0,1;0,0,1
3131=0,0,1;0,0,1
3114=0,0,1;0,0,1
3423=0,0,1;0,0,1
3193=0,0,1;0,0,1
3319=0,0,1;0,0,1
3374=0,0,1;0,0,1
3437=0,0,1;0,0,1
3099=0,0,1;0,0,1
3248=0,0,1;0,0,1
3454=0,0,1;0,0,1
3341=0,0,1;0,0,1
3203=1,0,0;0,0,1
3418=0,0,1;0,0,1
3033=0,0,1;0,0,1
3066=0,0,1;0,0,1
3250=0,0,1;0,0,1
3136=1,0,0;0,0,1
3302=0,0,1;0,0,1
3402=0,0,1;0,0,1
3197=0,0,1;0,0,1
3357=0,0,1;0,0,1
3119=0,0,1;0,0,1
3050=0,0,1;0,0,1
3371=0,0,1;0,0,1
3233=0,0,1;0,0,1
3318=0,0,1;0,0,1
3196=0,0,1;0,0,1
3281=0,0,1;0,0,1
3220=0,0,1;0,0,1
3202=0,0,1;0,0,1
3265=0,0,1;0,0,1
3417=0,0,1;0,0,1
3073=0,0,1;0,0,1
3067=0,0,1;0,0,1
3301=0,0,1;0,0,1
3251=0,0,1;0,0,1
3179=0,0,1;0,0,1
3234=0,0,1;0,0,1
3317=0,0,1;0,0,1
3431=0,0,1;0,0,1
3195=0,0,1;0,0,1
3120=0,0,1;0,0,1
3151=0,0,1;0,0,1
3448=0,0,1;0,0,1
3219=0,0,1;0,0,1
3372=0,0,1;0,0,1
3282=0,0,1;0,0,1
3164=0,0,1;0,0,1
3420=0,0,1;0,0,1
3205=0,0,1;0,0,1
3252=1,0,0;0,0,1
3182=0,0,1;0,0,1
3355=0,0,1;0,0,1
3064=0,0,1;0,0,1
3300=0,0,1;0,0,1
3134=0,0,1;0,0,1
3316=0,0,1;0,0,1
3235=0,0,1;0,0,1
3048=0,0,1;0,0,1
3117=0,0,1;0,0,1
3148=0,0,1;0,0,1
3104=0,0,1;0,0,1
3369=0,0,1;0,0,1
3283=0,0,1;0,0,1
3222=0,0,1;0,0,1
3086=0,0,1;0,0,1
3338=0,0,1;0,0,1
3149=0,0,1;0,0,1
3267=0,0,1;0,0,1
3299=0,0,1;0,0,1
3135=0,0,1;0,0,1
3315=0,0,1;0,0,1
3118=0,0,1;0,0,1
3031=0,0,1;0,0,1
3221=0,0,1;0,0,1
3284=0,0,1;0,0,1
3166=0,0,1;0,0,1
3370=0,0,1;0,0,1
3599=0,0,1;1,0,0
3675=0,0,1;1,0,0
3744=1,0,0;1,0,0
3859=0,0,1;1,0,0
3790=0,0,1;1,0,0
3645=0,0,1;1,0,0
3498=0,0,1;1,0,0
3483=1,0,0;1,0,0
3760=1,0,0;1,0,0
3659=0,0,1;1,0,0
3614=1,0,0;1,0,0
3821=0,0,1;1,0,0
3515=0,0,1;1,0,0
3728=1,0,0;1,0,0
3574=0,0,1;1,0,0
3598=0,0,1;1,0,0
3858=0,0,1;1,0,0
3691=0,0,1;1,0,0
3484=0,0,1;1,0,0
3857=0,0,1;1,0,0
3707=0,0,1;1,0,0
3613=0,0,1;1,0,0
3775=0,0,1;1,0,0
3873=1,0,0;1,0,0
3530=0,0,1;1,0,0
3673=0,0,1;1,0,0
3597=0,0,1;1,0,0
3500=0,0,1;1,0,0
3557=0,0,1;1,0,0
3746=0,0,1;1,0,0
3628=1,0,0;1,0,0
3657=0,0,1;1,0,0
3470=0,0,1;1,0,0
3596=0,0,1;1,0,0
3871=1,0,0;1,0,0
3556=0,0,1;1,0,0
3705=0,0,1;1,0,0
3887=0,0,1;1,0,0
3824=1,0,0;1,0,0
3729=0,0,1;1,0,0
3532=0,0,1;1,0,0
3679=1,0,0;1,0,0
3855=0,0,1;1,0,0
3586=0,0,1;1,0,0
3602=0,0,1;1,0,0
3870=0,0,1;1,0,0
3710=0,0,1;1,0,0
3464=1,0,0;1,0,0
3793=0,0,1;1,0,0
3617=1,0,0;1,0,0
3732=0,0,1;1,0,0
3779=0,0,1;1,0,0
3716=0,0,1;1,0,0
3495=0,0,1;1,0,0
3578=0,0,1;1,0,0
3762=0,0,1;1,0,0
3511=0,0,1;1,0,0
3547=0,0,1;1,0,0
3456=0,0,1;1,0,0
3680=0,0,1;1,0,0
3853=0,0,1;1,0,0
3512=0,0,1;1,0,0
3692=0,0,1;1,0,0
3693=1,0,0;1,0,0
3852=0,0,1;1,0,0
3718=0,0,1;1,0,0
3811=0,0,1;1,0,0
3867=0,0,1;1,0,0
3560=1,0,0;1,0,0
3827=0,0,1;1,0,0
3796=0,0,1;1,0,0
3465=1,0,0;1,0,0
3721=0,0,1;1,0,0
3866=0,0,1;1,0,0
3812=1,0,0;1,0,0
3606=0,0,1;1,0,0
3828=0,0,1;1,0,0
3781=0,0,1;1,0,0
3698=0,0,1;1,0,0
3882=0,0,1;1,0,0
3850=1,0,0;1,0,0
3491=0,0,1;1,0,0
3798=0,0,1;1,0,0
3865=0,0,1;1,0,0
3551=0,0,1;1,0,0
3813=0,0,1;1,0,0
3605=0,0,1;1,0,0
3668=0,0,1;1,0,0
3712=0,0,1;1,0,0
3565=0,0,1;1,0,0
3507=0,0,1;1,0,0
3829=0,0,1;1,0,0
3620=0,0,1;1,0,0
3699=0,0,1;1,0,0
3881=0,0,1;1,0,0
3849=1,0,0;1,0,0
3665=0,0,1;1,0,0
3769=0,0,1;1,0,0
3492=0,0,1;1,0,0
3696=0,0,1;1,0,0
3650=0,0,1;1,0,0
3814=0,0,1;1,0,0
3564=0,0,1;1,0,0
3738=0,0,1;1,0,0
3523=1,0,0;1,0,0
3830=0,0,1;1,0,0
3462=0,0,1;1,0,0
3619=0,0,1;1,0,0
3477=0,0,1;1,0,0
3533=0,0,1;1,0,0
3635=0,0,1;1,0,0
3549=0,0,1;1,0,0
3815=0,0,1;1,0,0
3563=0,0,1;1,0,0
3768=0,0,1;1,0,0
3580=0,0,1;1,0,0
3831=0,0,1;1,0,0
3864=0,0,1;1,0,0
3471=0,0,1;1,0,0
3571=0,0,1;1,0,0
3786=0,0,1;1,0,0
3501=0,0,1;1,0,0
3839=0,0,1;1,0,0
3756=0,0,1;1,0,0
3702=0,0,1;1,0,0
3594=0,0,1;1,0,0
3472=0,0,1;1,0,0
3519=0,0,1;1,0,0
3724=1,0,0;1,0,0
3846=0,0,1;1,0,0
3503=0,0,1;1,0,0
3755=0,0,1;1,0,0
3656=0,0,1;1,0,0
3539=0,0,1;1,0,0
3608=0,0,1;1,0,0
3876=0,0,1;1,0,0
3520=0,0,1;1,0,0
3845=1,0,0;1,0,0
3742=0,0,1;1,0,0
3538=1,0,0;1,0,0
3473=0,0,1;1,0,0
3772=0,0,1;1,0,0
3875=1,0,0;1,0,0
3505=0,0,1;1,0,0
3860=0,0,1;1,0,0
3726=0,0,1;1,0,0
3701=0,0,1;1,0,0
3741=0,0,1;1,0,0
3820=0,0,1;1,0,0
3543=0,0,1;0,1,0
3834=0,0,1;0,1,0
3469=1,0,0;0,1,0
3761=0,0,1;0,1,0
3776=0,0,1;0,1,0
3823=0,0,1;0,1,0
3833=0,0,1;0,1,0
3717=1,0,0;0,1,0
3854=1,0,0;0,1,0
3795=0,0,1;0,1,0
3632=0,0,1;0,1,0
3481=0,0,1;0,1,0
3733=0,0,1;0,1,0
3497=0,0,1;0,1,0
3482=0,0,1;0,1,0
3752=0,0,1;0,1,0
3589=0,0,1;0,1,0
3723=1,0,0;0,1,0
3508=0,0,1;0,1,0
3666=0,0,1;0,1,0
3618=0,0,1;0,1,0
3672=0,0,1;0,1,0
3861=0,0,1;0,1,0
3592=0,0,1;0,1,0
3819=0,0,1;0,1,0
3474=0,0,1;0,1,0
3713=0,0,1;0,0,1
3575=0,0,1;0,0,1
3805=0,0,1;0,0,1
3514=0,0,1;0,0,1
3843=0,0,1;0,0,1
3690=0,0,1;0,0,1
3559=0,0,1;0,0,1
3544=0,0,1;0,0,1
3774=0,0,1;0,0,1
3630=0,0,1;0,0,1
3706=0,0,1;0,0,1
3835=1,0,0;0,0,1
3468=0,0,1;0,0,1
3874=0,0,1;0,0,1
3529=0,0,1;0,0,1
3676=0,0,1;0,0,1
3806=0,0,1;0,0,1
3661=0,0,1;0,0,1
3743=1,0,0;0,0,1
3558=0,0,1;0,0,1
3842=0,0,1;0,0,1
3499=0,0,1;0,0,1
3791=0,0,1;0,0,1
3759=0,0,1;0,0,1
3644=0,0,1;0,0,1
3629=1,0,0;0,0,1
3660=0,0,1;0,0,1
3467=0,0,1;0,0,1
3822=0,0,1;0,0,1
3715=0,0,1;0,0,1
3807=0,0,1;0,0,1
3573=0,0,1;0,0,1
3688=0,0,1;0,0,1
3872=0,0,1;0,0,1
3841=0,0,1;0,0,1
3643=0,0,1;0,0,1
3516=0,0,1;0,0,1
3792=0,0,1;0,0,1
3542=0,0,1;0,0,1
3485=0,0,1;0,0,1
3704=0,0,1;0,0,1
3612=0,0,1;0,0,1
3730=0,0,1;0,0,1
3572=0,0,1;0,0,1
3674=0,0,1;0,0,1
3856=0,0,1;0,0,1
3714=0,0,1;0,0,1
3777=0,0,1;0,0,1
3808=0,0,1;0,0,1
3689=0,0,1;0,0,1
3626=0,0,1;0,0,1
3627=0,0,1;0,0,1
3541=0,0,1;0,0,1
3745=0,0,1;0,0,1
3642=0,0,1;0,0,1
3517=0,0,1;0,0,1
3486=0,0,1;0,0,1
3611=0,0,1;0,0,1
3658=0,0,1;0,0,1
3778=0,0,1;0,0,1
3510=0,0,1;0,0,1
3664=0,0,1;0,0,1
3494=0,0,1;0,0,1
3763=0,0,1;0,0,1
3562=0,0,1;0,0,1
3633=0,0,1;0,0,1
3809=0,0,1;0,0,1
3886=0,0,1;0,0,1
3748=0,0,1;0,0,1
3579=0,0,1;0,0,1
3548=0,0,1;0,0,1
3525=0,0,1;0,0,1
3479=1,0,0;0,0,1
3531=0,0,1;0,0,1
3601=0,0,1;0,0,1
3869=0,0,1;0,0,1
3695=0,0,1;0,0,1
3585=0,0,1;0,0,1
3825=0,0,1;0,0,1
3648=0,0,1;0,0,1
3885=0,0,1;0,0,1
3711=0,0,1;0,0,1
3810=0,0,1;0,0,1
3463=0,0,1;0,0,1
3747=0,0,1;0,0,1
3794=0,0,1;0,0,1
3526=0,0,1;0,0,1
3480=0,0,1;0,0,1
3731=0,0,1;0,0,1
3780=0,0,1;0,0,1
3662=0,0,1;0,0,1
3719=0,0,1;0,0,1
3868=0,0,1;0,0,1
3647=0,0,1;0,0,1
3577=0,0,1;0,0,1
3496=1,0,0;0,0,1
3749=0,0,1;0,0,1
3561=0,0,1;0,0,1
3765=0,0,1;0,0,1
3884=0,0,1;0,0,1
3826=0,0,1;0,0,1
3708=0,0,1;0,0,1
3466=0,0,1;0,0,1
3546=0,0,1;0,0,1
3734=0,0,1;0,0,1
3616=0,0,1;0,0,1
3677=0,0,1;0,0,1
3527=0,0,1;0,0,1
3600=1,0,0;0,0,1
3513=0,0,1;0,0,1
3663=0,0,1;0,0,1
3764=0,0,1;0,0,1
3576=0,0,1;0,0,1
3646=0,0,1;0,0,1
3709=0,0,1;0,0,1
3631=0,0,1;0,0,1
3883=0,0,1;0,0,1
3545=0,0,1;0,0,1
3694=0,0,1;0,0,1
3615=0,0,1;0,0,1
3528=0,0,1;0,0,1
3678=0,0,1;0,0,1
3797=0,0,1;0,0,1
3490=0,0,1;0,0,1
3851=0,0,1;0,0,1
3682=0,0,1;0,0,1
3552=1,0,0;0,0,1
3506=0,0,1;0,0,1
3566=0,0,1;0,0,1
3667=0,0,1;0,0,1
3767=0,0,1;0,0,1
3590=0,0,1;0,0,1
3583=0,0,1;0,0,1
3637=0,0,1;0,0,1
3521=1,0,0;0,0,1
3621=0,0,1;0,0,1
3535=0,0,1;0,0,1
3475=0,0,1;0,0,1
3460=0,0,1;0,0,1
3736=0,0,1;0,0,1
3683=0,0,1;0,0,1
3720=0,0,1;0,0,1
3651=0,0,1;0,0,1
3750=0,0,1;0,0,1
3636=0,0,1;0,0,1
3459=1,0,0;0,0,1
3766=0,0,1;0,0,1
3751=0,0,1;0,0,1
3652=0,0,1;0,0,1
3582=0,0,1;0,0,1
3782=0,0,1;0,0,1
3522=0,0,1;0,0,1
3476=0,0,1;0,0,1
3735=0,0,1;0,0,1
3534=0,0,1;0,0,1
3799=0,0,1;0,0,1
3550=0,0,1;0,0,1
3604=0,0,1;0,0,1
3588=0,0,1;0,0,1
3880=1,0,0;0,0,1
3581=0,0,1;0,0,1
3783=0,0,1;0,0,1
3754=0,0,1;0,0,1
3800=0,0,1;0,0,1
3509=0,0,1;0,0,1
3722=0,0,1;0,0,1
3587=0,0,1;0,0,1
3649=0,0,1;0,0,1
3785=0,0,1;0,0,1
3879=0,0,1;0,0,1
3493=0,0,1;0,0,1
3603=0,0,1;0,0,1
3634=0,0,1;0,0,1
3461=0,0,1;0,0,1
3524=0,0,1;0,0,1
3840=0,0,1;0,0,1
3737=0,0,1;0,0,1
3478=0,0,1;0,0,1
3784=0,0,1;0,0,1
3681=0,0,1;0,0,1
3697=0,0,1;0,0,1
3753=0,0,1;0,0,1
3848=0,0,1;0,0,1
3595=0,0,1;0,0,1
3771=0,0,1;0,0,1
3555=0,0,1;0,0,1
3686=0,0,1;0,0,1
3878=0,0,1;0,0,1
3671=0,0,1;0,0,1
3816=1,0,0;0,0,1
3725=0,0,1;0,0,1
3625=0,0,1;0,0,1
3847=0,0,1;0,0,1
3740=0,0,1;0,0,1
3641=0,0,1;0,0,1
3863=0,0,1;0,0,1
3801=0,0,1;0,0,1
3832=0,0,1;0,0,1
3518=0,0,1;0,0,1
3610=0,0,1;0,0,1
3655=0,0,1;0,0,1
3487=0,0,1;0,0,1
3540=0,0,1;0,0,1
3817=0,0,1;0,0,1
3554=0,0,1;0,0,1
3687=1,0,0;0,0,1
3877=0,0,1;0,0,1
3609=0,0,1;0,0,1
3770=0,0,1;0,0,1
3862=0,0,1;0,0,1
3570=0,0,1;0,0,1
3624=1,0,0;0,0,1
3502=0,0,1;0,0,1
3787=0,0,1;0,0,1
3818=1,0,0;0,0,1
3838=0,0,1;0,0,1
3640=0,0,1;0,0,1
3739=0,0,1;0,0,1
3802=0,0,1;0,0,1
3488=1,0,0;0,0,1
3703=0,0,1;0,0,1
3669=0,0,1;0,0,1
3593=0,0,1;0,0,1
3788=0,0,1;0,0,1
3684=0,0,1;0,0,1
3803=0,0,1;0,0,1
3568=0,0,1;0,0,1
3553=0,0,1;0,0,1
3623=0,0,1;0,0,1
3727=0,0,1;0,0,1
3569=0,0,1;0,0,1
3458=0,0,1;0,0,1
3639=0,0,1;0,0,1
3837=0,0,1;0,0,1
3700=0,0,1;0,0,1
3653=0,0,1;0,0,1
3758=0,0,1;0,0,1
3489=0,0,1;0,0,1
3670=0,0,1;0,0,1
3607=0,0,1;0,0,1
3804=0,0,1;0,0,1
3567=0,0,1;0,0,1
3685=0,0,1;0,0,1
3844=0,0,1;0,0,1
3622=0,0,1;0,0,1
3789=0,0,1;0,0,1
3504=0,0,1;0,0,1
3591=0,0,1;0,0,1
3757=0,0,1;0,0,1
3638=0,0,1;0,0,1
3457=0,0,1;0,0,1
3584=0,0,1;0,0,1
3773=0,0,1;0,0,1
3836=1,0,0;0,0,1
3654=0,0,1;0,0,1
3537=0,0,1;0,0,1
3536=0,0,1;0,0,1
