#ID=PREDICTION;GOLDSTANDARD;THRESHOLD
#labels 0=AGAINST 1=FAVOR 2=NEUTRAL
9f7f8e34ebf9d2edfba2d6836c1b3182=0,0,1;0,1,0
ae2da2e286c876365821d5a2809a1b67=0,0,1;0,1,0
569eba748479ff4f5265721094675627=0,0,1;0,1,0
a66256460f5f8689900595dbd96cd6c8=0,0,1;0,1,0
da177d28bb42f2e3138f158ed370ca38=0,0,1;0,1,0
1ab5f5b43d17c0462571852561b25a29=0,0,1;0,1,0
4fcc92af5a7a5d03e6778d8bf47e09fa=0,0,1;0,1,0
a743904f04acc2e227f32beb166d11bc=0,0,1;0,1,0
7048ce4158dd5211ccb5dc2c409a77c2=0,0,1;0,1,0
815c7cdcb5aa62bf9258a7c1c5b7d41a=1,0,0;0,1,0
94999369e4f06f8bce500947f81ebe26=0,0,1;0,1,0
1a0c912f51c6eade3b775d94cf7f58de=1,0,0;0,1,0
180ad84e4e9cbcf3f4aaa394cea04106=0,0,1;0,1,0
85bf98520f23f3c491314e114be42eb5=0,0,1;0,1,0
77d3f48b2516b391011f18180ac46bf3=1,0,0;0,1,0
59c459cfc60de8942335565c70afb423=0,0,1;0,1,0
5960422777ed2d8c45b003d6241000d9=0,0,1;0,1,0
4c9d53bc4b56a126b45932b3cb3e3610=0,0,1;0,1,0
fb724291ed70ec3db62ee9eb0674aec4=0,0,1;0,1,0
29885e091a3711a524a626565ae222f7=0,0,1;0,1,0
ff31b692ace9f7d9306c4250f3dd8d30=0,0,1;0,1,0
52128e0999bc461d93c7066c3e21a733=0,0,1;0,1,0
e271a1b83045876ac1b8ac6c39261573=0,0,1;0,1,0
b83bb5ebca21a73396be7d2666d3417d=0,0,1;0,1,0
906bd702962b971d50453476213a9955=0,0,1;0,1,0
3d53771f662576bc69a8160d2719d516=0,0,1;0,1,0
abbc5fd58b4ea14ff113ac71b29477f5=0,0,1;0,1,0
a69e33e0ae3ba676b86164ba830c0d90=1,0,0;0,1,0
33beb9116393754cc9cd4918b4d654af=0,0,1;0,1,0
c8711a358dd281608274f39828929623=0,0,1;0,1,0
c747c734432fc8bd7f96af8a476f2202=0,0,1;0,1,0
de63e72a4135333da96885ea2182fd90=0,0,1;0,1,0
c18c6415db2351bc4cd9de50314b1c9c=0,0,1;0,1,0
364020eb5a87aab47b5c13c6733978db=0,0,1;0,1,0
97cd195d67991ccba3ee93ab6280bb68=0,0,1;0,1,0
f4d53f1a8f5d3d1c2001535387c09cf3=0,0,1;0,1,0
9015dc87e71dcb72fedf5e8e7c66df96=0,0,1;0,1,0
79ead1bba0ee873db0426ca75ee46fc7=0,0,1;0,1,0
97b8e6fcffded9ec3b6faf7d22e6f455=0,0,1;0,1,0
7da07e52e8372e4c78a02499a32fadca=0,0,1;0,1,0
35f131c2f2bd457c533adc1d37f518be=0,0,1;0,1,0
18c99076c9e5f4e03d9cad61d776bee5=0,0,1;0,1,0
5c12760540187b3d7e10e6b735cfae27=0,0,1;0,1,0
2ae02d145e0eeae3485d4596bb243d93=1,0,0;0,1,0
b0a0d5b110bb5853749475c8878f0fad=1,0,0;0,1,0
bc32e16700a084b5ca2566c1599805ce=0,0,1;0,1,0
e6aa941feef0b54826ba189f964042b9=0,0,1;0,1,0
e8027706f2d219476c14a24ddebb46e2=0,0,1;0,1,0
13be8ab41176fd1d5f77ea35f02d5fa6=0,0,1;0,1,0
72a2aaf3b03d98d76c2ceaae4c1ff038=0,0,1;0,1,0
83551f6978a7f4e27b15f7e84c5d5ed9=0,0,1;0,1,0
2188561a254c13c406cdb8347c6c2d79=0,0,1;0,1,0
c5c6465050e577c3db3ddcbcd02d997=0,0,1;0,1,0
5ae35a881727c77b82c25f7498ab7f42=0,0,1;0,1,0
3eed08e5a51c80aa41958bae0ee1a626=0,0,1;0,1,0
2191baf6c0744b5c625d6e7c5af46de9=0,0,1;0,1,0
c2dceab43142df03340c7e4faddebb53=0,0,1;0,1,0
dc57060be1ae81d72fb738926518bc29=0,0,1;0,1,0
f4447b7af35c3727dab515a0bfbea654=0,0,1;0,1,0
b343c8f1940491103e058b49ffccd922=0,0,1;0,1,0
b02e31cd5f16222366a17ab96a434b2f=0,0,1;0,1,0
96873fb5b2e481284397dd5d2b7cc996=0,0,1;0,1,0
2c8edb417c67ac0010161504a655d689=0,0,1;0,1,0
9b5593bdbf5b1da9d54c049d9a673586=0,0,1;0,1,0
17952b9a411b4796879605076b99d219=0,0,1;0,1,0
ec9af4d8b59f41896664066067eae9fa=0,0,1;0,1,0
975ae1b2bb28c4c69534cad3a325bac9=1,0,0;0,1,0
6c36bd2d78f71b6b25f694b94499326=0,0,1;0,1,0
6c185920e752d6bf596a55ad0d829f69=0,0,1;0,1,0
a3587ce95da707869ed3376e5575482a=1,0,0;0,1,0
9ede93c515fb3bd2f69b3c3007198330=0,0,1;0,1,0
8cc3fdd6df2c5c5a9e202fdae59c20a0=1,0,0;0,1,0
e6531eb978b64af3ddc44b43fff8ed37=0,0,1;0,1,0
e4d47cd64d251546c43492dc608063f2=0,0,1;0,1,0
6dcd571adb4cdb43f27e6c4051118454=1,0,0;0,1,0
39b035e200c8aaa4229c3803637d06eb=0,0,1;0,1,0
9932c768cdc05160712f792b6b757941=1,0,0;0,1,0
95d85fd9bf9192017636048c0efc5933=0,0,1;0,1,0
ccbea328382d6c0c194f0d96958b5266=0,0,1;0,1,0
6b8650fab9e9e76062f5b63e0ebdc98e=0,0,1;0,1,0
c3d5533a897d4d1fa2c194b6d28651f7=0,0,1;0,1,0
94162608ffc20fb934a40b52fd0de28=0,0,1;0,1,0
ffa5bbce6904b235f630ac9bc18056da=0,0,1;0,1,0
1db1c8137dba887d07ada59ebe79ff05=1,0,0;0,1,0
73cc91f7bd0462bb500c530b2400269a=0,0,1;0,1,0
28cd72e5b917c4f39a28d47b5a7032ce=0,0,1;0,1,0
efd40ea6ab4d5787a1d5e8f9e0334115=1,0,0;0,1,0
10e67744d8b08ab11253e0b297206207=0,0,1;0,1,0
2ccf87cecef7bc9c972dcf5087e8363d=0,0,1;0,1,0
364a663c4d45dc0156e0f79c03c7e071=0,0,1;0,1,0
1959b174563afee1e73730ba8cb62023=0,0,1;0,1,0
2bb15bcf2db91b53be81c3a5e935984b=0,0,1;0,1,0
4ae680bc237b70153a9a09bc7b5d18da=1,0,0;0,1,0
cfe2895aefb61116798cb0075b379fab=0,0,1;0,1,0
b6da6f90e9231ca432ced2506f191d98=0,0,1;0,1,0
5e09ffe03efb66c8940f9d578da0241=0,0,1;0,1,0
4c8256a2acb2cdbf67907fc298f6b6f5=0,0,1;0,1,0
c8aea1401d8982c04566677a81961524=0,0,1;0,1,0
f7354c423e9bdf919d732dac4f20206d=0,0,1;0,1,0
70dd4a1fa4b2a15201e66939d01adfbf=0,0,1;0,1,0
46b563cfac3be4a4f978b5822f6a2836=0,0,1;0,1,0
85431d0641863724616b6ef4b96a1fe6=0,0,1;0,1,0
2d4cda5d2378f8f58a4cfebcdcfa9f29=0,0,1;0,1,0
4d41894a5ce378aa69767229e94a31d2=0,0,1;0,1,0
8723137c942abc082a379f09bb2ee90d=1,0,0;0,1,0
e0c06d438a3dd794ddd70001fff8bd90=0,0,1;0,1,0
142618ab4aa2a0063772fd5ddb77c4f0=0,0,1;0,1,0
55b9216906d562442212b685e6abf109=1,0,0;0,1,0
632ff6e2a8ea50228e3926beecc36e4e=0,0,1;0,1,0
d811deeaf0d94127e39f898fa52c6529=0,0,1;0,1,0
ce2de5a597792446afc43ddcde81944a=0,0,1;0,1,0
190338997537d4381f0c44f17e523416=0,0,1;0,1,0
a1a2d3d558e0c8058f838ffba8ff76fd=0,0,1;0,1,0
209447480614fa7c9752707ffd24bdd2=0,0,1;0,1,0
4bf3651131105b344560f21d3e2ee08e=0,0,1;0,1,0
4375011a546e8b7aa21bbe0f187f143f=0,0,1;0,1,0
98fa6d94ec34e40aec65f3a0335f6418=1,0,0;0,1,0
2dcaa25b651072288a35256b20c2787e=0,0,1;0,1,0
da6e2dbeeb0ca8f40b80fab9c9fd0c64=1,0,0;0,1,0
60d8f6cd4ea8414f1c23d92d0887218e=0,0,1;0,1,0
2eb3c9ae97e6b59474b2219e9ed562b0=0,0,1;0,1,0
fee87caf5f4149a956681403af6665ea=0,0,1;0,1,0
5c37ca4d81215068b2956e21a7a895ee=0,0,1;0,1,0
83ce5080e923d7bd52ae567e338f27ca=1,0,0;0,1,0
658ebe5bb005e58bc38a22c38516f776=0,0,1;0,1,0
136b73b4fdc6f0701d3482d7ac4dd235=0,0,1;0,1,0
bb90a45a63d23cb6c3b67ae03793c9d8=0,0,1;0,1,0
b9df1a6009cf88b27dff123b8c972592=0,0,1;0,1,0
758b25d7c01d24a63f2f3e0df04a54da=0,0,1;0,1,0
10462e56a25286e767747d6a37e12f9e=0,0,1;0,1,0
e3566fdd86aa37a1f7f9151bf0fddfc8=0,0,1;0,1,0
8a18d05401604a6d5a0d355693d37860=1,0,0;0,1,0
dcb41d683868b98934f9621bf0c3e01b=0,0,1;0,1,0
a404810b84ebb2d1f9b3faeaae8f6edb=0,0,1;0,1,0
b0cd9263876539e9ba1879e718f7acda=0,0,1;0,1,0
cc91282efcb59a2110c56679d07ff4cf=0,0,1;0,1,0
f4f7d71fbe7a8e57b248f4afd1eb30c8=0,0,1;0,1,0
8c5dd90a7a1a39b1877bb5e44cfa112e=0,0,1;0,1,0
59b9d086fe944e905fcdaa90cc890c45=1,0,0;0,1,0
8fa19ab68604de6c1f45eddffb9b353b=1,0,0;0,1,0
6c618de942f863704f4ed6f0d4d08626=0,0,1;0,1,0
559abe44c572c36a999a1f93f99ecae5=1,0,0;0,1,0
44f9ed88f5f6d8e896072c4a01c74819=0,0,1;0,1,0
cfdc0c8b938d3793d7f0c80cf21be38e=0,0,1;0,1,0
3d07ad22d7a73420ffbaf5335f59e5b=0,0,1;0,1,0
e9863c144546256747c76d7f62a5707c=0,0,1;0,1,0
aa268ee95d74b05fe805b863a94015d3=1,0,0;0,1,0
87990c87217da4fa673b6d6d4aae9df3=0,0,1;0,1,0
96ab4c7443c054a157217c6720a6e060=1,0,0;0,1,0
b0dd371366874bd052416bafe3700a07=0,0,1;0,1,0
8e1879e0f3490e48fcb351e9304313af=0,0,1;0,1,0
97be5685113ffb539068cf9499955d3a=0,0,1;0,1,0
902d48dddf159c4e1065fd29a35c1868=0,0,1;0,1,0
1c5de92e299b4e9391711db69d44b91c=0,0,1;0,1,0
f989da4bd1d7b39b5bee3b90b22fd17a=0,0,1;0,1,0
67c99977e2ff714702b895db942f1ccd=0,0,1;0,1,0
fb53f64936220a415019fc88d74c7a=0,0,1;0,1,0
d3b24c06b4cc7a077cfd9867103c4bc3=1,0,0;0,1,0
3e9bb4d9484693956cd0f2bb2a02a362=0,0,1;0,1,0
9c449d8fffdb24e8c4598678f2ba1b26=0,0,1;0,1,0
293a76027a8470b024b0c0386a28f00c=0,0,1;0,1,0
44a80595edc2f8fed5805094c4e39f9d=1,0,0;0,1,0
8a4323d7e8c166f094d4888d0d432696=0,0,1;0,1,0
b51a180e8e7720431d657c903f2b2c77=0,0,1;0,1,0
1b80d53c068139b08370d84fd0315d59=1,0,0;0,1,0
29f49e3169970484fc718bd4f49aceab=0,0,1;0,1,0
84a7953d7988f05a6d76411999a9bb43=0,0,1;0,1,0
fdcb946473a4cebf1da0f736c2d187a2=0,0,1;0,1,0
ee7c4cb69339806a5fa2505fec76fbf1=1,0,0;0,1,0
2fc85595a3f6f5a42e64efcf884b3d55=0,0,1;0,1,0
11a889b5a97a83eb65ef8d81f99c95ff=0,0,1;0,1,0
5b49158951f56f2f478847fc24c5e3dd=1,0,0;0,1,0
5c28d5eee40f257c31387635b7423f80=0,0,1;0,1,0
b4c1b16a76e81eceffcbfba06307784d=0,0,1;0,1,0
4e14257a1a16d69378e6ceb832877062=1,0,0;0,1,0
bd1273c4cd4e2efc314670708e5ef7c5=0,0,1;0,1,0
e20688e1ef2ad83e9d20cef9b14f1273=1,0,0;0,1,0
27c2dd99a2efd6aa771aabc34e15e870=1,0,0;0,1,0
eb72b9a24e0c8c9fc7afbae36151ef7c=0,0,1;0,1,0
6ed4a7e95ebe05899745adaecae12f52=1,0,0;0,1,0
d890dfd62b238477f484a813063e1bcc=0,0,1;0,1,0
c2450b0bbd986f8d2ab8f8763753ecfa=1,0,0;0,1,0
749e967ec51ef814280da40e8b0c955=0,0,1;0,1,0
ca1b4a6c74f6b89fc9b655a37914229=0,0,1;0,1,0
fe0fff65b50ac55cac5acfa55f40ca91=0,0,1;0,1,0
3fccb9d0a0e23f079410c90dea10122=0,0,1;0,1,0
ae6c84aabf093968fb666113a8c7ee53=1,0,0;0,1,0
bab936a523a490f9b2e7214317e65a5a=0,0,1;0,1,0
5ee27a4e4173d0861c5def543fe3805a=0,0,1;0,1,0
ca5510a41b5b9c0462a2bd8a04bd60f1=0,0,1;0,1,0
5b850d9f8403f14a65368f349ecaef8=0,0,1;0,1,0
e0797480097d4caa44d48a9b0715d1b5=0,0,1;0,1,0
39e1c45cb42127820e7e5b38bba3c346=0,0,1;0,1,0
f873e3c66ea1e47e622c4a009c496c3d=1,0,0;0,1,0
e9b0ac3ed28abde9a8d21c0816fe88c6=1,0,0;0,1,0
5c6c308210ce62c2e8d70b0e6593532d=0,0,1;0,1,0
64f1f1494dedd65a1de2f467ac4fd008=0,0,1;0,1,0
bd51d7bf36386d4a79d8f2514f5cd5cc=1,0,0;0,1,0
b7fa1b6a9d57d4ed9bc43b93ea854f89=0,0,1;0,1,0
175fe4fa0cd37e9756e319aa900b5911=0,0,1;0,1,0
aa21d4fc11b91a964c58d38c5ea858b=0,0,1;0,1,0
2d7bdab2b327df2b250d58cefcffaf92=0,0,1;0,1,0
782110f9bc04910c9483be9368f48c65=0,0,1;0,1,0
67bf951d95e5a10721094915e3cbaf7f=1,0,0;0,1,0
d3c238d4e2dc2cc427c40f38bcdae757=0,0,1;0,1,0
c85dea53b96e1158be4c7f9dba588a31=0,0,1;0,1,0
c6ed90fcc24759b49677255800ce4a4c=0,0,1;0,1,0
9f087c2203f4202b0d580a09571d7a7b=0,0,1;0,1,0
aa7de814534fe326677bb2b112c03c0=0,0,1;0,1,0
9e929f341730509c178c2f200c5639d0=1,0,0;0,1,0
ae9a0fff70289459838e3f15f1629ebd=1,0,0;0,1,0
2754bd05636466d63aba2b263b1a489b=1,0,0;0,1,0
d0ab60acea275bb47a9f250662a44ad8=1,0,0;0,1,0
c501c6b843af52c06e502a5ac4577258=0,0,1;0,1,0
d9c4983144c4b35bd46d911a15abbfa=1,0,0;0,1,0
918b945c9564c425ef1b73698b36b54f=0,0,1;0,1,0
33f669ff1f6ae899d48d553d03d9f001=0,0,1;0,1,0
663b45ee928706922b1e5d0b58166b69=1,0,0;0,1,0
cc55d59cb7ffb1e6cc9fbf762dd2d4c4=1,0,0;0,1,0
1d55dd8b8b2be24bf94fc61a483fce03=0,0,1;0,1,0
72a3a8670505c6c707fdd8098787f05f=0,0,1;0,1,0
cef889458b9d82589e008ef9622a4a6f=0,0,1;0,1,0
2a40c699f0710cf9acc6316b4e5aa63e=0,0,1;0,1,0
2c1c15026056e96b38924463af088408=1,0,0;0,1,0
ad080d731e0fb72577d5da5183b8dcd6=1,0,0;0,1,0
e9fa6ae3a86b02c18c1c56736e52033c=0,0,1;0,1,0
ba63b48c88a1abd1b217c931c85cd36e=0,0,1;0,1,0
931ccb7eb12b92f8c26458f2f0dff2ca=1,0,0;0,1,0
beea93caaf13c1191288741f76a66414=1,0,0;0,1,0
1b2ed5a31963479e8511db755753b892=0,0,1;0,1,0
6ca6802fa579798140762adc6c229101=0,0,1;0,1,0
e8e74aaffbd7d3a3983b186dd5d698be=0,0,1;0,1,0
d069b9c4640b709cef2badee5354d6cf=0,0,1;0,1,0
d47ce2a7c6520c0cee0c05c8f2f7f169=0,0,1;0,1,0
1cd47967d82f0651317dd7270251c480=0,0,1;0,1,0
819d17de91aad462cd8624d794e40d99=1,0,0;0,1,0
a82431c09a27964eee7aa6e845a3d230=1,0,0;0,1,0
de90720df5a19b53cbe2fab148e3e4c=1,0,0;0,1,0
e88865ddc4a43fbebfd88f4cec75c97f=1,0,0;0,1,0
1b571c32afbef959e7ffbc8cd5aeab8f=0,0,1;0,1,0
bc2cec2fbe4ed15e5f4f37beecc74723=0,0,1;0,1,0
13991f6d48570e7690192b5bbd5364f9=0,0,1;0,1,0
523795916f028cc06914d437a95343b0=1,0,0;0,1,0
b445ab5c334fec699e801d51bf041be8=0,0,1;0,1,0
fd285ad4ae68b352e200cc155fb60d6d=0,0,1;0,1,0
b259582aebbec72ca908ca3bc6752145=1,0,0;0,1,0
f8ca596cea58c0aa5dd3fe7b25fd6b97=1,0,0;0,1,0
3aaa0912e98b146697ce3ce6223f3f74=0,0,1;0,1,0
c14cde19ba641a8845aeb2aa8f1391d8=0,0,1;0,1,0
690205617349b7c652be1224b257493e=0,0,1;0,1,0
fcecee7a6e47e66f34cc9804ebeacbeb=0,0,1;0,1,0
4d5018212729bbaba42f5916a27b1638=0,0,1;0,1,0
777f357744c617f24dcc1577946fa17c=0,0,1;0,1,0
7bcdd46566709a7a3b4152e80cc7e4d7=1,0,0;0,1,0
7fc6f662a188ce6b641a44d3f0252820=1,0,0;0,1,0
cefe8aedc6c65dd373a4828a79c899b4=0,0,1;0,1,0
3c1b7c5823101d9a2f5d041d42f5eac1=0,0,1;0,1,0
ebec58db4af6c06ccb804d930ab1e329=1,0,0;0,1,0
c34c186506a287ce8d625ca025d1bb83=0,0,1;0,1,0
11d07c1d02e8e612c9df46997742349d=0,0,1;0,1,0
63470ba2bdc80cad60e7bfa7ff8ac570=0,0,1;0,1,0
28c6673c7221db191979f7bc0043d8f2=0,0,1;0,1,0
1e750c38b910f724fa2f96c981596e6=0,0,1;0,1,0
dc4d52e1db7c00b7f2af35a2a8d7c733=0,0,1;0,1,0
4b694e10159b016136a9eebf45edc5b9=0,0,1;0,1,0
36f1288d24e86e9ef0e68ecae4505f34=0,0,1;0,1,0
da6826928061d32678b60182ea5a6d2f=0,0,1;0,1,0
e824b31ca4caf28053e4ec16d746a3b6=1,0,0;0,1,0
ed668a304238f81872bfef650ec6588a=0,0,1;0,1,0
41f924f694ae57e15a753b5603a65569=0,0,1;0,1,0
aff4fe5e4998a13aada9cc5f4db22f1=1,0,0;0,1,0
7cd631d0b4352adcdee6345e1a1cdccc=0,0,1;0,1,0
db3728686a3a97788fdc32dbe95af3f2=0,0,1;0,1,0
a5aa8793ab2e4fdca607f2aba726fe81=1,0,0;0,1,0
e257cc1e8f27c808ded6ae763d6fa516=0,0,1;0,1,0
41eaf27913fb7ff463a2777aa92ad67c=1,0,0;0,1,0
f9dd43c473d119fdea21dc53f54b3472=0,0,1;0,1,0
256e342b306ee33481eaa6d185eecea3=0,1,0;0,1,0
11a76914162fdc53a43d73cf448c5d24=0,0,1;0,1,0
fbcde83b7681cb7be52df59fea7971ab=0,0,1;0,1,0
1b608d765ba8e1c2329712a28aaa71fb=0,0,1;0,1,0
928bdc7d93992459b1db6eb917af8fa1=0,0,1;0,1,0
ba5837f41678597f61fd516f031198c8=0,0,1;0,1,0
f9c18b586b9da74791e5f7e2429c2cc6=0,0,1;0,1,0
7180b15d2fb00a611d76026007a3f921=0,0,1;0,1,0
9da1a7c48c5c10fae65d9c0c1c5faa24=0,0,1;0,1,0
5accf1c6718f066861b0262fffd8235e=0,0,1;0,1,0
705faa9e6051c9be63ae8ab6411a1974=0,0,1;0,1,0
f74a1c23b2306f33306807eba3e54066=1,0,0;0,1,0
b930e1b6b36ffd5bfc20d3c3265fffa2=0,0,1;0,1,0
9413744f2d49080067a9eb5eb4012f50=0,0,1;0,1,0
738fe59eaf79dfcef94ea96c01f10cb4=1,0,0;0,1,0
a0f6642c8c22d307f74ed8ae1589cb80=0,0,1;0,1,0
b6dad2ffbfe63aadd6ea3e58a9748d45=0,0,1;0,1,0
1744e679930038e91a9328fff8897ada=0,0,1;0,1,0
b85544ff8752a9389e4384d328f11f1d=0,0,1;0,1,0
2bfd8a9d494322226ba6273bf202319c=0,0,1;0,1,0
99704466c70c86348f054d355c4f502e=0,0,1;0,1,0
bf8d42b853bd67176324ddca64a0376f=0,0,1;0,1,0
597d6b4729cffe952c35c1b2bb64034c=1,0,0;0,1,0
bcf6ddd1dc85a456bee549a65b5f7274=0,0,1;0,1,0
7e8d755e36de4b7569091f892f144c75=0,0,1;0,1,0
bd5cf5baff2157bbe22156394548158f=0,0,1;0,1,0
c4707aebddc5591756758336ad256b6f=0,0,1;0,1,0
3df6be3d56454e62d6585b7746778088=0,0,1;0,1,0
f8fddc714edb0da9bd06ab9393d3158=0,0,1;0,1,0
fbf5a39060f03c1dc9118c029afb03e8=1,0,0;0,1,0
65e160840351dd1060a90a1200889dcf=0,0,1;0,1,0
e584860a6f43d720cae01b6077a679b8=1,0,0;0,1,0
23c587eee36fe218b49314fa3134578=0,0,1;0,1,0
655e62a23696a3c89c413e3285daf9c6=0,0,1;0,1,0
267ff061caad7205d3866a785b3259f9=0,0,1;0,1,0
86191f3c8ca8c33f2b6831851e1c1ae1=0,0,1;0,1,0
e888f6f7938d609da88cf51842a94069=0,0,1;0,1,0
223aec5b9eddbc2a4488b48761a16ba2=0,0,1;0,1,0
7f6130c4c75b96c9e107e8bab95be6f0=0,0,1;0,1,0
b608ff36a191a36b6b63c34c0fc5460d=1,0,0;0,1,0
f75724c65297870bfeb5028fc2ff99c2=1,0,0;0,1,0
ed9b3fb566069bdc48236881a5aff6cd=1,0,0;0,1,0
5286baafb7e80b3068b409ff3cb1385d=1,0,0;0,1,0
e30b260f7101646041e5ecd0eafa00=0,0,1;0,1,0
3639d35a309e3d7f1f95554e8e850e56=1,0,0;0,1,0
3277541aa81b861ce8321f14a8476c1=0,0,1;0,1,0
531073cd748cd13561204696f58d4924=0,0,1;0,1,0
fd9024829a1b68f6f1b5fff6fa7fdb16=0,0,1;0,1,0
e5d756fec8afec96417170f9f2d8aca2=1,0,0;0,1,0
da4db140d332a83880b65603344ed737=1,0,0;0,1,0
4afbb9f191f8e718ec7928bf37f659ed=0,0,1;0,1,0
285111290b65c09b8530b8fd7b54dcc4=0,0,1;0,1,0
2619297c074fef994b6b19ad08721e29=0,0,1;0,1,0
d8b11e8b7e8069aeb5c9fb0da964ac4b=0,0,1;0,1,0
14ce71b9d5171d94cbbc174ee6c33f9a=0,0,1;0,1,0
e25e70e5cf7b28272bd13cae35422164=0,0,1;0,1,0
f994049606350923cba9da4f75e355ca=0,0,1;0,1,0
2bbd50f0ca8d45fb695f7aebe38e4eab=0,0,1;0,1,0
2723047835ba6500438a463260aefee8=0,0,1;0,1,0
31e57c0a699c45647f07c3fd9c374fb6=0,0,1;0,1,0
d830291c247fa98b02854d639165724c=1,0,0;0,1,0
1972ab65a0564ae90c585404c1e77530=0,0,1;0,1,0
4d405598ef60fd49dcad70b22abb38c8=1,0,0;0,1,0
69b86c4c20ee85565961200e483fe6a1=0,0,1;0,1,0
1f0bb6e5c2a4c9d5992c606491029ae1=0,0,1;0,1,0
272539eaf05dcea90506633ee78f80e9=0,0,1;0,1,0
305f2900ace178b05662d5fd195bb2df=0,0,1;0,1,0
604ff16fc318cbec76854d1f274e0d3=0,0,1;0,1,0
fd5d8cd68b9c3df4cabc1cbe93424b46=0,0,1;0,1,0
6296f8b082b6099edfdef1c26a0517c=0,0,1;0,1,0
a0f7c0b92087f1c8d6432e410b6f1a2a=0,0,1;0,1,0
418f1cb8e0ac0588c05209f8a5b868c7=1,0,0;0,1,0
d6014e7c5e00e22649f73f4f56470d6f=0,0,1;0,1,0
8be991627a7317965cbf01309f14bb98=0,0,1;0,1,0
7035717ececb2e61c5e097fa7e697656=1,0,0;0,1,0
943f629124a55611de60a91dc448930c=0,0,1;0,1,0
ff95ac2e81f98ddddbd795b1510a5d16=1,0,0;0,1,0
c50d2e1f9f2e8c3bc1cff2eb51202875=0,0,1;0,1,0
9b2aeada4a6cd3b2773b972a66cc496d=1,0,0;0,1,0
f04d044fb70496cb8da1989618574f=0,0,1;0,1,0
bb536d473be335988922238fc4e8ae79=0,0,1;0,1,0
379525a221d7ce675a585b3da8c3014d=0,0,1;0,1,0
bbc2c19510c47ef959d7e532beda4316=0,0,1;0,1,0
5f13913b4eee172b1b692ff7d5c447ab=0,0,1;0,1,0
e9a8defc502511a1dc4727ad11740b55=0,0,1;0,1,0
c9f8da088d87e54262a957c26cd53602=0,0,1;0,1,0
74d62c40679b022de608b0e51c916b6e=0,0,1;0,1,0
bb919e699702d956ab433029c8848fcc=0,0,1;0,1,0
99198d3bb76e7c3bcd52168d72e998bd=0,0,1;0,1,0
bbd3214af65a6217011ecae61062da7f=0,0,1;0,1,0
c7b51f00693c9216cb395f16ad1f1620=0,0,1;0,1,0
cac0be69dccb202b0ce2b3367b5478f5=0,0,1;0,1,0
493215756c88c121c85949478207fb65=0,0,1;0,1,0
87238838de52dac2bda68a4b89c5f035=0,0,1;0,1,0
4d1ecb03efbe6d5c43de0547ee107400=0,0,1;0,1,0
b6d69ef57fd3ecb899d05619c86a0a4b=0,0,1;0,1,0
3fe1aa8ffd458975dded8c1de22c2d94=0,0,1;0,1,0
3bdb2e6b4f6a78d6deb71aaa02b4fadd=0,0,1;0,1,0
994653c8f9aefd2dfd1d5c5c7e7f434e=0,0,1;0,1,0
4516c4e4f2ba5cf5779b411cfebfa83f=0,0,1;0,1,0
45c45a9ed33650c6856882a355577a53=0,0,1;0,1,0
52d51409c97df33db38fdd6b4e5199c4=0,0,1;0,1,0
7732f483370336d9f14c8b7bec0cb0ae=0,0,1;0,1,0
58c0fd8db27d575c4de5ad1f414aa436=0,0,1;0,1,0
7eae8a0d3a6f9b5f020cdf8b0b623edb=0,0,1;0,1,0
2133fdef129ca8ca8bfc7ab2256c0332=0,0,1;0,1,0
6247210b9cbb0a9cf2a9ad103b34cb8a=0,0,1;0,1,0
1ac84c91dca2da1ecb4209d7055e1b9e=0,0,1;0,1,0
491d4b779c39eb80f4b30cfebb5c1476=1,0,0;0,1,0
294b863f90605fecbb567a32a92dce4a=0,0,1;0,1,0
c8f2a65c11c12a291b844b51bc61fb17=0,0,1;0,1,0
d6297804b8640692fdeefe39c6743103=0,0,1;0,1,0
cb7f47e549ed0142fc142381fad0c069=0,0,1;0,1,0
9a7b43569d93a8dca918271595434f30=1,0,0;0,1,0
1368c66cf94b0cd79fe83900f5a93947=0,0,1;0,1,0
e079b21a0e79dcf5f2a0de4fc17215cd=0,0,1;0,1,0
aa4feade2c479113b980df8db55b225d=0,0,1;0,1,0
7e90b80f3afe7b98c4d0aeba96c7c541=0,0,1;0,1,0
5a4e6d768520550205f33a50c2022c63=0,0,1;0,1,0
58aab9f9438282a56da5f56b8d160836=0,0,1;0,1,0
8a4aca55e7af46d9cc3f0eecd9ce7a97=0,0,1;0,1,0
527165e7e714621f358905b44696657f=0,0,1;0,1,0
efabf028012f5d7155e4c81deb2b0a8c=0,0,1;0,1,0
1869bffa7a0e812bd4adab260ab74673=0,0,1;0,1,0
bf743c312100c40d8d9edabafcaa3edb=0,0,1;0,1,0
45ab5824107cb70294e3c90d2cb1b5f6=0,0,1;0,1,0
38aaec68b0e4318a25c2f1cb258052a4=0,0,1;0,1,0
1d7f735c2f7a6b302814fc4a9df8a0bd=0,0,1;0,1,0
ff97bd41dcd05bbd5aeea745798c8c68=1,0,0;0,1,0
e3568fca4d8da2141f7ffb71c3d1e5b3=1,0,0;0,1,0
2566457765650179374068e7d160efd7=0,0,1;0,1,0
17809af7b2a82124b32f433f1e9656c0=0,0,1;0,1,0
9e73e5e8ea29d1d0393978953a47f383=0,0,1;0,1,0
d18b502713ccdf4ad05083ccf02f1e=0,0,1;0,1,0
87ef0a00139db4fc9310cc8bb7396991=1,0,0;0,1,0
daf1f697577e9f275700385aa5dbf0b1=1,0,0;0,1,0
fd3f395c15a45eec65f1b76a88d2e703=0,0,1;0,1,0
eb46aebcfaad6ff8c3d47640e7e0e3a1=0,0,1;0,1,0
b4e535d10a3663ce53cbb6aa4fd231cd=0,0,1;0,1,0
5f2182c3500fde5a17b9271b4ff398d2=0,0,1;0,1,0
ea85d5f71ec45c42284f0a20906881e5=1,0,0;0,1,0
9d402945ea9e6169694c596e8abe5240=0,0,1;0,1,0
736d958d3aae58e0a53fab611f0470af=0,0,1;0,1,0
5265f9352405692cc60dbad1fe6c52b9=1,0,0;0,1,0
12ac78dd727e529c27747a46fb7402f5=0,0,1;0,1,0
f4ad7e9cf0565e9648e574675fd474f6=0,0,1;0,1,0
3c79e91038ebb6356cf0eacf6a466a4=0,0,1;0,1,0
323132737180acf7476335d86bca2713=0,0,1;0,1,0
fa14b696704faf183ddd264c5acd9016=0,0,1;0,1,0
ad9bb822bf12f6380552660298dcd115=0,0,1;0,1,0
bec1726597e112ac480b556f5850727a=0,0,1;0,1,0
43953f81e447008b7bb61f48aa4981f6=0,0,1;0,1,0
864ba4379da21b6e9ad9370969398074=0,0,1;0,1,0
65b7fe7aa43134512809e02ef27547c0=0,0,1;0,1,0
9c733cdc19735667e07c44a0e3df4c93=1,0,0;0,1,0
a39fbd1b397004781005467dde3d78a3=0,0,1;0,1,0
b03ea9196f1f138a3eb5085a7f9b0373=0,0,1;0,1,0
4becea07a39f535ceb8886292e8f8961=0,0,1;0,1,0
70e4f3110872bde46da59cde894cb242=0,0,1;0,1,0
468e39dd76b6eb26695faeb77ee32627=0,0,1;0,1,0
e01e6b6b096062de2fcdfba3b5c6e1b0=0,0,1;0,1,0
df4faa0ee3d1d6a6c562726906edde0a=0,0,1;0,1,0
3d1a396ee07c95b948e1c20a846d93c7=0,0,1;0,1,0
af92376a643d6b9165f0fdcfa4a44503=1,0,0;0,1,0
ae738e9dc7f7f9d4879054c9fc61418d=0,0,1;0,1,0
836c9e29761631a8b751f3fc35a6635f=0,0,1;0,1,0
a20acd9b595e2387bd63222a8f4d995b=0,0,1;0,1,0
3d03c20125cbb5dc1ad79a442a59c1eb=0,0,1;0,1,0
c7822ff8dcc156d024c4110647e950af=0,0,1;0,1,0
706f4d0b16097c3237958ba824c16172=0,0,1;0,1,0
58f8ede85c6afd6e0c5b0e6fe6636ced=0,0,1;0,1,0
245827004d2293ea8e3290183720fc80=0,0,1;0,1,0
734dd38d95d063940b0b5894df148d64=0,0,1;0,1,0
d48fc44b1a521445d8e9f8b08f29db6b=0,0,1;0,1,0
1e2e57cb36bd506508180fd2d3269a19=0,0,1;0,1,0
ce668fe7982dcd69527ba7603256582a=0,0,1;0,1,0
5f62402fde101d36f2557ad92f0d6412=1,0,0;0,1,0
5c7b461ed69e32755039e423caaf49be=0,0,1;0,1,0
64394332699cb676c5551be65db19869=1,0,0;0,1,0
56e1dd46ce4bf7c6ddc74a1beeebe21d=1,0,0;0,1,0
baddbc3ab3cff5a17afb7390d3f9e978=0,0,1;0,1,0
5cfbf5b114d156ff3e34e9a18ad51ac1=0,0,1;0,1,0
e00dd4478987f18cd8ad87c38aa7093b=0,0,1;0,1,0
45e7497bfc0be791e979250287a8d33f=0,0,1;0,1,0
749068da11cee895d946d59d627bf6cc=0,0,1;0,1,0
e29c753de62ccad0f2e39d5feeda13af=0,0,1;0,1,0
c09705e16cd8106b6d0cd78d8e3430d=1,0,0;0,1,0
74806188f44132590077327a2a648469=0,0,1;0,1,0
8525439f6ef7f29a88e248ad6f3b35c7=0,0,1;0,1,0
4a0f579a2d372870bf0ee6e14b2c9be9=0,0,1;0,1,0
7f99042c3964bc3a95d0fcb38b0e51be=0,0,1;0,1,0
158b8c87a98a12d5ee1d9f38c513d5b0=0,0,1;0,1,0
9d6eb39cb4317dd1aa3d0fc7f9a84808=0,0,1;0,1,0
87a1bb72ad89eb3f2d025adcd274cfa6=0,0,1;0,1,0
ed54e777eb68d3c799be0f1e999be145=1,0,0;0,1,0
6a38a3d57271520a2990b6195037237a=0,0,1;0,1,0
e812a42c3c358ee963c51b13047ef555=0,0,1;0,1,0
8f8ed5467e073616b879884695461f87=0,0,1;0,1,0
7c9a54273fe0bd97b30d5152e29b7c68=1,0,0;0,1,0
e360a6468987b4f3d51e2facd7df3a7f=0,0,1;0,1,0
579b80387ddef1efa70aa73f09ac8203=0,0,1;0,1,0
29223e34176f9e501f61a7a48d5b839f=0,0,1;0,1,0
a40000637000f290c4f9168ab4c22dc5=0,0,1;0,1,0
bc55b939ae9a4522ba215940dde67373=1,0,0;0,1,0
51fb4682242fa577508b13afa1ce8b99=0,0,1;0,1,0
b2ed6f2cab9ac17fff8dfe619f398f5e=1,0,0;0,1,0
c97e8fde804c8ee022a41f72a41d696d=0,0,1;0,1,0
f7d4d586da901198846965adcda82052=0,0,1;0,1,0
f7733433296680d9d7c09841250c399e=0,0,1;0,1,0
dc481697c9ac40a5b7bd2b73fd64e781=0,0,1;0,1,0
6334a590ffd3a438a0bb91db2cd0871a=0,0,1;0,1,0
524bb3a9418c2922db0f59ca2d07333d=0,0,1;0,1,0
d216dfe7efa93f1cf964ab8b10a43fe4=1,0,0;0,1,0
10b649f223d5601eb051ffaecf12fc5=0,1,0;0,1,0
b89988adaf0ef65fb42e8b8184b7c5fe=0,0,1;0,1,0
c7d883139a3d67291998c2e1aeb6a69a=0,0,1;0,1,0
2fc67b17ffb003ed5079e5a8a56be43d=1,0,0;0,1,0
cfc5358de451c1439d336e08bda6b1fc=0,0,1;0,1,0
c13f352a2fcad5f81d05661424cb7498=1,0,0;0,1,0
20168086c3be32339d614c5c20a1fb2c=0,0,1;0,1,0
d2633f0d4eb17592197aea53275a3f2=0,0,1;0,1,0
68717df96cf0c96ec271daa39ff0cf57=0,0,1;0,1,0
d503d9f99154a6bbfa436db9de926f76=0,0,1;0,1,0
696f844b5eae1e662397cf6a466b83da=0,0,1;0,1,0
b29d65bc45f649c5231c3c899338ce12=1,0,0;0,1,0
3a82ce444e68f0614e14ff6f8f4a2f06=0,0,1;0,1,0
e595da95bcff351034685cf8f2b10650=0,0,1;0,1,0
234bc070c557195e625ca5630db6fc9f=0,0,1;0,1,0
10e6140a1439f868b5a1cc4a937a96da=1,0,0;0,1,0
ff3ed295252bd975a7050883a32c969f=1,0,0;0,1,0
acaaa6a0c633553276ede80b592f3c38=0,0,1;0,1,0
974b051d4b2510862500e28b94fc6ce1=0,0,1;0,1,0
6b483febb6832bbead8f59c99956c816=0,0,1;0,1,0
f642ad59e5b93b5fa08965dee722eb1f=0,0,1;0,1,0
d7b3d8336504e1bf7470ea1877652823=1,0,0;0,1,0
ed008c34940cf7b018b62b2084f33792=0,0,1;0,1,0
ffde91be07ebe03c5fa760128c609a31=0,0,1;0,1,0
56f3c8d7e6cd0bae9ab3ef259b79c1ea=0,0,1;0,1,0
d8bb187a46d1b8281daab33ad562de8f=0,0,1;0,1,0
c227bbd25340c25217ccea447ceb49ad=1,0,0;0,1,0
ca36498a48021eeef54a5ad446193192=0,0,1;0,1,0
1e7e5a2058b2eb6ccb22742ba41b3068=0,0,1;0,1,0
c1121f280dd70ea3b70e98f5976226ce=0,0,1;0,1,0
f9e0ecdc1fb098f9795a3e146852bb3f=1,0,0;0,1,0
fea60d6a895843c8f532e05366641a1f=0,0,1;0,1,0
bc7c908ea7ffb1cc39827b88a91fb652=0,0,1;0,1,0
79d7f5582bb5ba5d18b6e5f395e421a5=0,0,1;0,1,0
60688a393da3ba24be28f3114795c515=0,0,1;0,1,0
92b891ff9e61a3ea6d9880f86c4d43a4=0,0,1;0,1,0
35bf096f74242da1e50cb517e8c0be78=0,0,1;0,1,0
f3d860e10164062e32aec3927b6fdff7=0,0,1;0,1,0
be46be5fc2a7b9a879e71892a35c2883=0,0,1;0,1,0
6e0699088abb6ebfce2764a894c7d30d=0,0,1;0,1,0
649502d0e350c042f278d4e5389edf37=0,0,1;0,1,0
d3040a1ef3689822fef4ff226d6e1889=0,0,1;0,1,0
7968c583e3ab4643a6eab72cad1c1b8a=0,0,1;0,1,0
cc8e2247071a0af21a5c9727bd10aca2=1,0,0;0,1,0
98ff2d3b62e8aacd57e67706cb73d658=1,0,0;0,1,0
d1aa191daf05266d608372eb77d05c3a=0,0,1;0,1,0
c641036544206222cf2cadfa6e1efe31=1,0,0;0,1,0
5f215fc63fdb7488cd85104678c7a0d1=0,0,1;0,1,0
16e3ca5fdb4c645598591033c248d2e2=0,0,1;0,1,0
21cd2716568b46c6e7080310177f6759=1,0,0;0,1,0
73caa98b0e0e0d0ece4c6d50e81b6146=0,0,1;0,1,0
adda461ccfa36ac3d62e2f5bc58a9c30=0,0,1;0,1,0
c672ebfbe641d835a4830112537041c=1,0,0;0,1,0
2a33b48ea5fe136d6e97b16a9c864f56=0,0,1;0,1,0
16420534909011ba8e1e788a060c613c=0,0,1;0,1,0
f950e76329d473010d630297aed22b66=0,0,1;0,1,0
cc95d218f0f326b74bc7a3e4b478c29b=1,0,0;0,1,0
378fb5ab69c1691c8a0fb8a9e68065e0=0,0,1;0,1,0
26a2882592c5d90a9e12f9ca2f42aff9=0,0,1;0,1,0
475dfcdc598262703e6dcbb8e67d7345=0,0,1;0,1,0
b26f4c2d8bffc5009a3eb81cfa0a4573=0,0,1;0,1,0
10ed70aa77ea0e9430390608fed50e6a=0,0,1;0,1,0
6fd443645ef4cb543d161bd5abd82454=0,0,1;0,1,0
cce4f3edcd9427d36759c6075ca5d8ca=0,0,1;0,1,0
7b6868f834492fb18417fe24dad82baf=0,0,1;0,1,0
ba3b2b2b766e55c53b21cdedc5039588=1,0,0;0,1,0
486ce1775ce344582c564f8fa31d58a=0,0,1;0,1,0
1343afd466293bc8a4a5a1241343194c=0,0,1;0,1,0
2f5068ee8baaa9c58e4492e821b1ccde=1,0,0;0,1,0
d07e5da58d3f43d1d986d2937f75286e=1,0,0;0,1,0
4809d358b562748b995a4b5dd92d06cc=1,0,0;0,1,0
e73ac99c28c763e895f144559541a047=0,0,1;0,1,0
91fe680b497d225f22889ca8d4077534=0,0,1;0,1,0
3c80ab06f2b498e5c7237c856a726b75=0,0,1;0,1,0
4894f1ace8ca2265199683b858976ba6=0,0,1;0,1,0
9daa26571aa45e00f69513b0fba1d291=0,0,1;0,1,0
80f12a29ad143b9bef83b45fcb6bbd21=0,0,1;0,1,0
8244013fdbbe39564377722b0564fdde=0,0,1;0,1,0
409342187f5d14ccd9a2689e6165dc67=0,0,1;0,1,0
d18316ccbdabf6b249438d75b781adb=0,0,1;0,1,0
1eb4e44180d8499eb97e87fa90b69792=0,0,1;0,1,0
1e86396a472327ae070e88d07e8c313f=0,0,1;0,1,0
3058242199e67305c42bf22dac28ed75=0,0,1;0,1,0
b1eea9f40228b70df64321db1aad4792=0,0,1;0,1,0
f11c8aa88e08d2281ea396daefdfbfbb=0,0,1;0,1,0
81b82f39708ad78a4f7201027b407461=0,0,1;0,1,0
78763fe8a621cb21ff559f0007123899=0,0,1;0,1,0
55c8f7cda51ed0b848d1738aca3067cd=0,0,1;0,1,0
6e1bc0c7499e21f75717ed00b592977e=0,0,1;0,1,0
c4e1220b093aa5b0485fe8db31857661=0,0,1;0,1,0
c59f5e436a31dcd303551a3c9b843844=0,0,1;0,1,0
39a8631cced22b6bad7f13f5bcb7eff1=0,0,1;0,1,0
d8f8ccb229101aff10857642fed4d57e=0,0,1;0,1,0
ab692b3f89d746e4eee358442a9d5e7=0,0,1;0,1,0
cf131fb59907ba7bf1448371845e4566=0,0,1;0,1,0
727714328c43fc2cfdbea23df2928b80=0,0,1;0,1,0
65228b5c8df66692b52a645972d221f=0,0,1;0,1,0
53f1dc9a65a99dbe34f1c389af04a48b=0,0,1;0,1,0
3c33c1ef195496aacd62434c8fed6074=0,0,1;0,1,0
b11ee46594a645e11715e90a17268861=1,0,0;0,1,0
64764417dbd608c78e662098c3a08bae=0,0,1;0,1,0
e248f26d49bfd75436c3a1eb4a460d93=0,0,1;0,1,0
4bdc0d861f908dc8007a0305a2767874=0,0,1;0,1,0
2f2577fa14fdbf34398164d5f081a7a5=0,0,1;0,1,0
565a3db17f7138da23454ff7af63a37c=0,0,1;0,1,0
f1e67cd7a1c9b0c868a924bd1d80ea2e=0,0,1;0,1,0
53f11e3b911a9df7b651f610fbc9f97d=0,0,1;0,1,0
6789507852fb9bd29502a0c508ed1adc=0,0,1;0,1,0
cba827bdd05c0e5a55cc37dc69cbe727=0,0,1;0,1,0
49134c7b48374bbe238c59843d9f8b2a=0,0,1;0,1,0
d0db577eb9bad1b80e263f0f5d227570=0,0,1;0,1,0
c76ff2456b7dd400270adfcb7e3208e7=0,0,1;0,1,0
f725163ff0b8d512992c8301d654ae5=0,0,1;0,1,0
15f4f59fbc1213b9c77f07ceab6b5225=0,0,1;0,1,0
fe2621aafee246b7b4cea1c969f7a150=0,0,1;0,1,0
bddb77584408cadef31459bc4d3f3=0,0,1;0,1,0
d63f2f32f2553567d082c01971720b1b=1,0,0;0,1,0
1e0f22d7a762783399a795e59a228458=0,0,1;0,1,0
9cfc5fed1ff05ee193a3a02f7a9d5f41=0,0,1;0,1,0
b5095b64f2f00c0538cb5c87f8e19e94=0,0,1;0,1,0
153c11a1d1f5e9630c5b770df64cb32d=0,0,1;0,1,0
c925a6c192f8a40d87ac467ae1d05c4e=0,0,1;0,1,0
2028e904dcf7a6c1bb9214bf63408ed9=0,0,1;0,1,0
55fd2ef27cb6121abc8b79c3ab65516a=0,0,1;0,1,0
3224b31e2d5222bb1e68f7058c050665=0,0,1;0,1,0
a537b44cf9b0b8907bb404adf880492=1,0,0;0,1,0
79f78547d61482956f984a6be1dcbce1=0,0,1;0,1,0
491fd9d04b25d63f144fd951355c3f70=0,0,1;0,1,0
172322e8866babed9857345e0bba09c0=0,0,1;0,1,0
b5c4c49a837b9324cf03dcdbbd2a8610=0,0,1;0,1,0
280fc2bb04604ae67e28b961cef64424=0,0,1;0,1,0
a0e4b15c31b35dbe784f1e94f2dadf52=0,0,1;0,1,0
ed01127ccb2b51ddd941d472c6539c52=0,0,1;0,1,0
984d94506bc0bd99aaa116efd44112ce=0,0,1;0,1,0
90155ae8f5ddff04b0c476ae95e20713=0,0,1;0,1,0
9eafe3bcd90b0aecfcee1b7e03254bde=1,0,0;0,1,0
d98ec9c6f57d6eaf3afe755753f79332=0,0,1;0,1,0
8bcc6de7b1948d778bc91d648dcda894=0,0,1;0,1,0
9f9346dabad1a167d7746584c6a42442=0,0,1;0,1,0
9561825c4ca05299289457b752145792=0,0,1;0,1,0
483f98dc6642053badbe3e55563acf79=0,0,1;0,1,0
255772ff1ffe19d2580e41c87f2f30e5=0,0,1;0,1,0
68eee63b5ac22e49199f981054b99f25=0,0,1;0,1,0
29a0dd4e3b5b8d91c0a64d9c154ef2d7=0,0,1;0,1,0
69143fa611d7443ae07f45b7fa374259=1,0,0;0,1,0
24d371850a99fefaf89f66e12a0f79f=1,0,0;0,1,0
cad7916444d8cc0b8961b19cab588e0b=0,0,1;0,1,0
490bbe4606137f86394634bfcd9dc1d9=0,0,1;0,1,0
62edac5d5fd445769442b806e7552a64=1,0,0;0,1,0
ab28ac22f98b215d785d12b80976696b=1,0,0;0,1,0
af867d55c30b8ccb692f5042107c863f=0,0,1;0,1,0
f3c4f031d1c4b6a80af32454889edc29=0,0,1;0,1,0
ef7ba100b27e015499c4a2b4b4d2ca94=0,0,1;0,1,0
7309f5e65a8ab425655c3d3f1e84abdc=0,0,1;0,1,0
e9bd40a0e9d9af3309f52c7f4ca4688f=1,0,0;0,1,0
dbc66adcf2ff36753390c4e1ed63691c=1,0,0;0,1,0
850db79be879ebebbcbe32139617b323=1,0,0;0,1,0
544394d31e649464a8cfdfc71b95ba72=1,0,0;0,1,0
b80f1fe3280d7abbf3fdb6edcd7cd35b=0,0,1;0,1,0
a9eba8c342234bbef60e3100c56f7cb1=1,0,0;0,1,0
c35a0b78ee74bef2efcfd240ec945392=0,0,1;0,1,0
8c5823b7d5b883f99c5bea74e6862e4b=0,0,1;0,1,0
a651bfe9893a15f5aa5879ae45c8202f=0,0,1;0,1,0
b928e61f069db755b4810e4344eb446b=0,0,1;0,1,0
eba326ccd65ad414200732a55d666bc0=0,0,1;0,1,0
bcc12dac7ee81e20438f084f9abee834=0,0,1;0,1,0
3bab4831125d8bd42c4d34accc1589ae=0,0,1;0,1,0
8a2cfb3c393fa3cf5a51577ffc216a6a=0,0,1;0,1,0
886f03ec3a71f6cd8b2483b21d0a4b8=0,0,1;0,1,0
a2ba7103e4df0c9d7ca1f1ac6bc36ae8=1,0,0;0,1,0
a760ac4d4f689dd5270981d745c7a7d1=1,0,0;0,1,0
e02e01c0ca682c7bf977b498a9c5cf86=0,0,1;0,1,0
1a8fbbb363c77957b7f37509dc08a4d3=1,0,0;0,1,0
e0f452feea02fb3cd94727b24aff3601=0,0,1;0,1,0
17a2d5f00a3607b46b45d7fdefae3a4a=0,0,1;0,1,0
aa069e01da47e02052fa8cb690749291=1,0,0;0,1,0
97f1e45c3b62bedd95311ac2775968bf=0,0,1;0,1,0
2300bff763e11e26aeffc11076c6c93d=0,0,1;0,1,0
cb7ab3bc7f59a5c36bc8951dd93f09b6=0,0,1;0,1,0
b2ba9c84741c38a79a608430af54f36=1,0,0;0,1,0
6fb10a62e59f572c7bf1eb5a010c4cf4=1,0,0;0,1,0
2be5628ba3a48dd83fc037edbfdf972b=1,0,0;0,1,0
f899e7bb79a48a56dbf4a4615c2464b=0,0,1;0,1,0
52463cb2b2fee743b69a5ac02769b08a=1,0,0;0,1,0
53704a75689f9eda51b23375c7f4094f=1,0,0;0,1,0
dea7584ef8e7992be13aaf2d21645a26=1,0,0;0,1,0
9b58f6c6e98591ef2fc5084ba8c2a8ca=0,0,1;0,1,0
d77ece0b705efb37d444e2a01c236841=0,0,1;0,1,0
9dc667747478b6f2be129f62c14d5560=0,0,1;0,1,0
abf4cab731cc14d1e3ab2c42cb2ed07e=0,0,1;0,1,0
1b0bf1411a46db7d5aa8047379e49395=1,0,0;0,1,0
7815b4d60b407a7536e324db99476356=1,0,0;0,1,0
c0de5df085a2312441d7138a63efdeb6=0,0,1;0,1,0
2f45960e91a07bffb3bcdb1e982e503f=1,0,0;0,1,0
4fb97e0f479f14b4c200a26f5fd74d45=0,0,1;0,1,0
665e8b8eac22dace4ccca89cd7cc2358=0,0,1;0,1,0
3c74856a61ab7a8e8c57b658680c2830=0,0,1;0,1,0
fc5edabc002a85fa9b948a0b61ccd254=0,0,1;0,1,0
73b390bcace7328d1608699a0d31717b=1,0,0;0,1,0
3a5570368b5c76ca80e3a36b5496c6fb=1,0,0;0,1,0
75cb979b55299c7c637f9f528c348127=0,0,1;0,1,0
5e8162c27deac4339be49e4d4beb5d1e=0,0,1;0,1,0
924b391d33d75125fe50f76aa5b0bc0a=1,0,0;0,1,0
adf21691f346aea118a3533e0e5e92f6=0,0,1;0,1,0
248eed23d1d7ce214c6a61fcdc290832=0,0,1;0,1,0
600d9c187e1af5dece14c51720b3baa4=0,0,1;0,1,0
15c9e9dfe1ca1c4f10fdfba23fd2723b=0,0,1;0,1,0
4995b9ee816cb1954874281d0857b88f=0,0,1;0,1,0
16484bd216456108bb67f56d184b68b8=0,0,1;0,1,0
2ce06b97acd55f5140bd1dd34d4163a6=0,0,1;0,1,0
c086c377174cead2daf7277327e6b1c2=0,0,1;0,1,0
7a68e0ee35677ec7015dab17a5570328=1,0,0;0,1,0
2e81207f59c32e10fe8b73d461bf8890=0,0,1;0,1,0
29f0e3c942ff20fd33cfd2e45ca66ca=1,0,0;0,1,0
bba090f066ed724ca9f8ce916f121685=0,0,1;0,1,0
a744e4421afca367a0a0656ff5f4898=0,0,1;0,1,0
53be2360783ba12091b2301a3a3cf0e4=0,0,1;0,1,0
38f47bd2040da61a20cb07edff690249=1,0,0;0,1,0
82a1cdf843740f122a5d0fc48b5d6f67=1,0,0;0,1,0
ed4e7732b3a082d3fdb7c24e0c694aa5=1,0,0;0,1,0
4312c40376c42207ea50fba8369bdb35=0,0,1;0,1,0
84ac8cd4c063767133cf04db4194a48b=1,0,0;0,1,0
41712a6335f4f4b8d3b6b378b545c3c5=0,0,1;0,1,0
19c509d520347e6f7303738fdb2f61c0=0,0,1;0,1,0
4b5521d2c046cefc7c2bc3db81c87059=1,0,0;0,1,0
326c83aabac3f37b64d0c70159c647f3=0,0,1;0,1,0
5e6749108a815d084e360f4a21e3528=1,0,0;0,1,0
4e10047d190cc9fc9e3930d6e5a73a30=0,0,1;0,1,0
d63c5fdde20efd3a3ba540805f5ff038=0,0,1;0,1,0
ad15f7bce5e63dda3b7e18dc37e22976=1,0,0;0,1,0
3a9bbacc3e27f5f9098a4dea4f84b459=0,0,1;0,1,0
716f11f29f5e93b75ee4a167b838d33d=1,0,0;0,1,0
b22a3787598c915d5441387fcb10ab67=0,0,1;0,1,0
26c7365ce9de1a8a933b63d21c0d82b8=0,0,1;0,1,0
b50b230d188f214b7fdbd98a3ec9fb5b=0,0,1;0,1,0
b1ce4a5128644bf732c98fdb66cce6e7=0,0,1;0,1,0
421ea01d86c9ab4dbf7dbb9101c4762d=1,0,0;0,1,0
c456e05abed146a53255cccd9e73fd61=1,0,0;0,1,0
1ed0dc8e774ce1fced03b499884243ed=0,0,1;0,1,0
58ec177535f981ec81df6487285b2101=0,0,1;0,1,0
6b7253c309a0170d6a37e2e88169aa06=1,0,0;0,1,0
28442dfaf18c15abdd89917815b21960=0,0,1;0,1,0
9914edcf9245f77c7dd9d007606d7300=1,0,0;0,1,0
8b2710dd57eab081a7f1b9f4a9992f1d=1,0,0;0,1,0
3831b92e3293c25a8459c0c0431c86bd=0,0,1;0,1,0
99039bec12af300d1a90176076c65800=1,0,0;0,1,0
a9a68ef3130a54d5466d3f8c4989be9b=1,0,0;0,1,0
597c1337730efcf3ad1177dbf2205f8b=0,0,1;0,1,0
2c06eb84776fc97fab48828690c511a7=0,0,1;0,1,0
3dfc9103f6376c4e329a35fe2176cada=1,0,0;0,1,0
914a09cdfa4790346020bef3451b030f=0,0,1;0,1,0
86f3e9b2ec41ade93a873a10fc407bd2=1,0,0;0,1,0
ed6eb5d073444691505b88a5b447831=0,0,1;0,1,0
99d4a1d270a31e0db177bc40aa1f5bdd=0,0,1;0,1,0
c541059bdba97288deda311c811d9505=0,0,1;0,1,0
dec984a5cf3f9dfe43419361f39094ef=0,0,1;0,1,0
89c54a879dcbf58ef12516a34aab5eb1=0,0,1;0,1,0
ffdc1438bae8254f05a4ef2534b83000=0,0,1;0,1,0
3430821c80c2f44308cb16eb2428a542=1,0,0;0,1,0
318a2463b4ed9cf26c33199b9de70d8=0,0,1;0,1,0
9cff44acfae97540895a87866dee8b3f=0,0,1;0,1,0
b579aa53424e14a5ed11d1bcecfcdcc5=0,0,1;0,1,0
314ee544cc4a857a6b91bc08af536fea=0,0,1;0,1,0
f7bf52a288f2f7a09578e1ecc06ea604=0,0,1;0,1,0
7f73d65509915db3309ab65350d612c6=0,0,1;0,1,0
d6c3bc58eb875820e32fc2f7be85777e=0,0,1;0,1,0
b0986d0f55dc0e8006f2ec27a70d7836=0,0,1;0,1,0
905962ec3c1bb7f85da2f3ecf97636be=0,0,1;0,1,0
3685cd3eb593c5e2cfa046ef34a134b2=1,0,0;0,1,0
4a7913dd7f9fdc9ec6cdd5b10ebfc72e=0,0,1;0,1,0
8d7852d2810634eb783dfc929ff3af32=0,0,1;0,1,0
963238013571cb71b587b951ffb9b3d9=0,0,1;0,1,0
cb40bd90d8343907b648e0bd74e4cfea=0,0,1;0,1,0
2989037492b6d16c939962c080390b91=0,0,1;0,1,0
44f3d8a12e377402dba0f75f397a7870=0,0,1;0,1,0
3ceae8a6d41b8de86f537f3d3435a64a=1,0,0;0,1,0
21fa9069a2ca3ac863060e8a0728e828=1,0,0;0,1,0
116c7c6b1efd1ea7f5327d99e23041db=0,0,1;0,1,0
25a34e8439e820e365201f4a97668c71=0,0,1;0,1,0
fa1abc09adba906cf1566d11e2e1014a=0,0,1;0,1,0
1d3708dcfbd7e0e5886ef3a4ab69181f=0,0,1;0,1,0
ee1a1913b0e024485a71db02c78017a2=0,0,1;0,1,0
8bd1d767077ccac1bb12fbce32c60d3a=0,0,1;0,1,0
3d1b01179a5494515cf377d8578e37ad=1,0,0;0,1,0
70ac0f22ee4e9d5c1b28e1621d9ba316=0,0,1;0,1,0
d6f54c36ac27f437752a8cda228ce861=0,0,1;0,1,0
db33f18dca1ef318b313ee984bb8b09f=1,0,0;0,1,0
adbdb90c3a6a94c8ba3a718ce41be9cc=0,0,1;0,1,0
b7635b37f029a98575523e86ac2b4acd=1,0,0;0,1,0
8ee1648815a027b61aeac0cb3b4819c0=1,0,0;0,1,0
caf7bb556c2a4020c99ef565157923d5=1,0,0;0,1,0
a52cb4a287ae3e7cc21806c4cb23415e=0,0,1;0,1,0
2d110a84a1c5a883cc4920fbc59b3ddf=0,0,1;0,1,0
5987e49cf35cd6250d0b25bd192f994c=1,0,0;0,1,0
c2c4448d5c8632daec44c59498a11a6e=0,0,1;0,1,0
eacb42793857462d7890a6bdb2fe9138=1,0,0;0,1,0
78a6fdbe52c6b46e027415ca804ffda0=0,0,1;0,1,0
411d2709ce41e2aba8eb11534ed35c6a=0,0,1;0,1,0
4b3be0936cde0354fb862cd1c3288f3=0,0,1;0,1,0
712bf6193f7fc489fc14eb0db5cbfb4e=1,0,0;0,1,0
c14a9f4b051d3f9c03a25e0da6a8d643=0,0,1;0,1,0
eb07e329943d5877db023b9ebcbf55d0=0,0,1;0,1,0
a2cf9c41ce6e96c97b83b7e421d83012=0,0,1;0,1,0
91c4d5b618a7279eade7f97a356be102=0,0,1;0,1,0
f3855ae02b64562b19d7daee57df165c=1,0,0;0,1,0
420442e46ea87e61c9afc5d7981f9010=1,0,0;0,1,0
5e428cdab7c6b485dfc8c66325a56785=0,0,1;0,1,0
257f744a6156f4177abf5a3f5a7f43b4=0,0,1;0,1,0
bb00599d65bf724722b69edb4e2b7af=1,0,0;0,1,0
fcf57581c4d4e6c744173a14602810ea=0,0,1;0,1,0
9a2037c596a0cbb2a52aa1a2148133ba=0,0,1;0,1,0
d25fbc565e3614566b0df119e514c5c3=1,0,0;0,1,0
5e1e758097dbd9a299632b9e87541b93=0,0,1;0,1,0
a5e34dbfe7da8310dde6a427c0c16fce=0,0,1;0,1,0
4a933db3f9761db7946abbf2e7345335=1,0,0;0,1,0
949e8e6bcd81bb0ac7eae19ce4733309=0,0,1;0,1,0
224e97da901ae5b705130703afe27ec3=1,0,0;0,1,0
26aaa3e6692351b12c455d381ffa9e3c=1,0,0;0,1,0
3151fbf9b826ef75747d8e0e1c4478b8=0,0,1;0,1,0
9f16f1408d878e39f292beaf7903986a=0,0,1;0,1,0
fadb6443929c67f6e7fed89fe2942056=0,0,1;0,1,0
8d6a660732f2564bcdb806f84007801d=0,0,1;0,1,0
16fd9537813a55bcef5810a977ba7738=1,0,0;0,1,0
2c7a9f4c29f38f2a0605f1574214dce2=0,0,1;0,1,0
6045498e65a02ac990d97c0d5947f020=0,0,1;0,1,0
47073d1920ea5c2b9305dcc8955a7cd4=0,0,1;0,1,0
2c7d7e1646f6fa5cd90cf18bf9362732=0,0,1;0,1,0
23f1780fdcebbf445eaef5ab1d929fa7=0,0,1;0,1,0
799b14abb576eca64b06b883e5097896=0,0,1;0,1,0
1db3726ad0a87d011fa22ca3c03c4122=1,0,0;0,1,0
360ad6ea7da041f8ff1a43d1136444c=0,0,1;0,1,0
805cc327688fb691159ac0d6c3a87dfc=0,0,1;0,1,0
b17b97d4dd09f281c57c08eb96850748=1,0,0;0,1,0
5b3edce2b078ae7452cc79488231fe6f=0,0,1;0,1,0
71f35a8c2fc3eebf484c363d43e4b5c2=0,0,1;0,1,0
f0c5fdf38e5f15e4ed27ca0266c18992=0,0,1;0,1,0
c0b77310c4997e5028b7742bb933f012=0,0,1;0,1,0
65e8a071352eb17da71791396cabe595=0,0,1;0,1,0
16c95784831570d4a18f494ad7ad46f9=0,0,1;0,1,0
8aa0d5981326857cb64075e71ddd2685=0,0,1;0,1,0
27ea4802b193a059d042a220c5236756=0,0,1;0,1,0
569da1ed23b093c072f3976ce61f6634=0,0,1;0,1,0
8fa598c417016cebc1c8c2cc8fa872bc=0,0,1;0,1,0
135e7a49e7daeb3feb9e1b4e9d717087=1,0,0;0,1,0
61763b0732f1aa32fe46ebddd9cd91cc=0,0,1;0,1,0
61aeaebec3f2ac9ee82e7ddf92c1a321=0,0,1;0,1,0
ec4b93036bc94e8cc50ccac027748f10=0,0,1;0,1,0
92757a874cccd755cd4bc22360922a2=0,0,1;0,1,0
1b5ec0453dc21faa52026ea830c4fab6=0,0,1;0,1,0
7a277dd88bfe597b99c0f3d821d95c9d=0,0,1;0,1,0
3cb66018363597f882aee713b89fca81=0,0,1;0,1,0
95f81c7e6afffd979266f9411ef36f88=0,0,1;0,1,0
46808525ab208d9772fe1295cd380721=1,0,0;0,1,0
9cfaa451a7cb6110286be1f1d7267fc9=0,0,1;0,1,0
f652ea02c80f0af2be294ac18b84279c=1,0,0;0,1,0
278a7877b3476439338712362637812c=1,0,0;0,1,0
9f280f1839df960c2a56f9d8fba07d24=1,0,0;0,1,0
9753f552d2d190e656353ed8e2ce4535=0,0,1;0,1,0
7ebba776bcf238c380d6ab528ea966f=1,0,0;0,1,0
15f5f7e30777bc1549348f6e5362145d=0,0,1;0,1,0
7617e6e8a81cdf70e6d44fa1298ecf93=0,0,1;0,1,0
c77640fbfe4a05dea0440f5a6a7c12e2=0,0,1;0,1,0
b28128bd028fa358ce63f9626282e913=0,0,1;0,1,0
7fb3cbc926d58307aa84bd7068b73b6d=0,0,1;0,1,0
801601b6a1c470af2114150eaaf62a35=0,0,1;0,1,0
bac15e01e2fc1bbab55879f4a9a91dd9=0,0,1;0,1,0
e501197d770604f6d56ef6a32d583d59=1,0,0;0,1,0
bfb79631b8ecf161d4b240e9cec817f2=0,0,1;0,1,0
b37839445551647d0d1063c48cbe314=0,0,1;0,1,0
6044b2d979e848b7f641900944d79068=0,0,1;0,1,0
a412923609599aa83b81e5785a06a175=0,0,1;0,1,0
cbfed58c4fc03ada1ce74d6d4f175a4c=0,0,1;0,1,0
a9e3f868b03ce67cd79cc9163aafe73e=1,0,0;0,1,0
d915792b33ea1a93097b731398e4e6de=0,0,1;0,1,0
143398b77701bf9a95859c9e0ee62e82=0,0,1;0,1,0
c543d0721e4f6c6788920aca458734d3=1,0,0;0,1,0
f1235f4e5fbc4f8c90ec5e7691c6599b=0,0,1;0,1,0
a390fb9a4908c5e931ebac8a80770849=0,0,1;0,1,0
c6859de3204d638979832f420a0295b4=0,0,1;0,1,0
a78094485945aa4e40193fa3230e8f9b=1,0,0;0,1,0
83a11afba20d6ed699f00640cef6d167=1,0,0;0,1,0
8547e7bfef3d1a9fac19f8f5c1194737=0,0,1;0,1,0
b3acdb05ac7cb12a386cf82f9ab06992=1,0,0;0,1,0
fd90a2f161d639835cce7636e69cab86=0,0,1;0,1,0
873de0cf05191766acaf19cc460c115=1,0,0;0,1,0
72880b31cfae9ef749565673571853ec=0,0,1;0,1,0
2f632f9f6a2abbc52ee05dc266d5189f=1,0,0;0,1,0
579a516ffe6289f550310f6ae0fe180d=0,0,1;0,1,0
af51bb936092d2b370f32e394ee8aa98=1,0,0;0,1,0
a94aaaa40870adfbb3ac451286810fd3=1,0,0;0,1,0
a965ef3620e432ebd642404658b58d21=0,0,1;0,1,0
84973d2ab555508d5c8d7c3f51b6f316=0,0,1;0,1,0
decc38eed1f9e3e8f6ed19fb04f596c8=0,0,1;0,1,0
65f06d888c1fee90c63be4e382b9566d=0,0,1;0,1,0
2346a4602e18907f37c8e03125b0b8c0=0,0,1;0,1,0
839af8ebcabcf3a58aa749c2e1655eab=0,0,1;0,1,0
d23a17d8ee4343c01d4bb7a87de814c6=1,0,0;0,1,0
c46f9b969527b7122597777549516208=0,0,1;0,1,0
aee2591be10bea904eb38fe9c301de28=0,0,1;0,1,0
41dd46b35c5d3b5080b74bcd6fc662d2=1,0,0;0,1,0
a48a4fa2b20cd168bfedd815ed36d6af=1,0,0;0,1,0
c860dcbe82eb0afd64c6908d3137cab6=0,0,1;0,1,0
a78f581a01d01c3cee85cf35c02c8cf2=1,0,0;0,1,0
5b41bb8856bbfde334ed38d25aff49c4=0,0,1;0,1,0
6549f7e24502e51a2cc95b14f34d1b40=0,0,1;0,1,0
ab3ee4a0812df9f5652796cb1e6ae6a2=1,0,0;0,1,0
91201a07e70e81acff22feba38403f6a=0,0,1;0,1,0
bdc075140450a9b5b8dac1f3ed66daf4=0,0,1;0,1,0
c82d6fccdad644bd26c7dc6c16635935=0,0,1;0,1,0
69d36ed9f941c6bf671ae1deca950404=0,0,1;0,1,0
430500d65bad4fb0ae2f8df51c3aeefe=0,0,1;0,1,0
f4813ce67f86ff4d78a9ae3110d9542b=0,0,1;0,1,0
6c73baa866a7a4630cf5fea3419feffc=0,0,1;0,1,0
2cb1efd6b7dffbd713ed91342318c4a3=0,0,1;0,1,0
6dd6ee0b756eb700e1dbb9f12b38f108=0,0,1;0,1,0
522a19bdfce7c4770dee1ea9a637aaab=0,0,1;0,1,0
2c4f57d830b1cbc6a489834fbf4f1d91=0,0,1;0,1,0
9950e8fb5f683cb9dfaac20627803505=0,0,1;0,1,0
745cb3e428c32579cd0d6c26a2d4a5e4=0,0,1;0,1,0
61383c84bfa985d614e3104573f847fc=0,0,1;0,1,0
4f88b0e33617cd0344cd63e3a283af5d=0,0,1;0,1,0
13a52934c01ed60487dd42e8e16723c5=0,0,1;0,1,0
56d48c0218e24209a95c8693ab850142=0,0,1;0,1,0
bbb785dbe35c33cd2023b421964cdd12=0,0,1;0,1,0
2d572ff69e677770f3b8b4ca7812e010=0,0,1;0,1,0
7de3c0bce886ddc7f9cb6784ac114d53=0,0,1;0,1,0
93e2148dd0c9fc56ca7ecedbc05fa582=0,0,1;0,1,0
7be1d1584f924cfc76e72ebad2312c5e=0,0,1;0,1,0
46806567ce233a63095864a86104176c=0,0,1;0,1,0
c34748a34332fcc470aac973e4fc70fd=1,0,0;0,1,0
b731654a42a78d755aa09ef3207dd346=0,0,1;0,1,0
1fb4af60b6179387f47f1d8f40da6cb7=0,0,1;0,1,0
f55161c85a909d94cbc981b8f6847447=0,0,1;0,1,0
e32a9492f5d9754029d20806afd574cb=0,0,1;0,1,0
13e9ea11f06ce7a4955487319cd7c9ce=0,0,1;0,1,0
3196e0134dec51d62d8bdeecaf3d4637=1,0,0;0,1,0
b92eee15bb82eb83ca25a55de9a34775=0,0,1;0,1,0
dd28dd83277f920dfa61176f51d92a11=0,0,1;0,1,0
b6be45709092bcb9a86a39c7e89a743a=0,0,1;0,1,0
31a8f6f1c295a22e341a7384dd412868=0,0,1;0,1,0
1eb9b3b0aca7ba049513242fdf76d8ed=0,0,1;0,1,0
e1684ae425ff2f1091b775f5ddc39933=0,0,1;0,1,0
e38b753e5d444a0edf7cb4eb6d1bf701=0,0,1;0,1,0
d51091ed956a9a78f61ce88ed4dae055=0,0,1;0,1,0
8411d605cb46a5b474130272ee6125c0=0,0,1;0,1,0
698dd4483ebd1499538e08ef2e94d52a=0,0,1;0,1,0
ba51e701b95490829a852f1459fad094=0,0,1;0,1,0
f702be853c955a8604d15b3c1846f280=1,0,0;0,1,0
975d476d142103915f1f9cd2ae23f5da=0,0,1;0,1,0
304cab05bc312112c648fb4545163c4e=1,0,0;0,1,0
2229a621f6957cc05e82800db165db2f=0,0,1;0,1,0
1553159d758dce2561aed64f16bebcd=0,0,1;0,1,0
aba3d7793e4e30d13094f2e4a40c5fe2=0,0,1;0,1,0
af1d3dc402c17dc49d23529b568681e7=0,0,1;0,1,0
96e9c427c0460a1e4c21d29f95fd3cae=1,0,0;0,1,0
8371e418dcfcb6f21f4b441f4e134bec=0,0,1;0,1,0
a5ea11df8629121edafb7309979470e3=0,0,1;0,1,0
520a58eb5e54015e83f2c6a220420a69=0,0,1;0,1,0
3a0961c9b6be89ca347064319c269a55=1,0,0;0,1,0
18efed2d16ec8fb14017272d4d0d170=0,0,1;0,1,0
c67220b664d0e48f70d60c1c8c871c44=0,0,1;0,1,0
d52667a11c54265098bec09e1ba72777=1,0,0;0,1,0
cac7591246e0b3984f48e84d8fd2db9=0,0,1;0,1,0
793bf0f0289d63f32fba512eef159a5e=0,0,1;0,1,0
8584d1f07a8d41c3547bf077a85ed9ac=0,0,1;0,1,0
83a180e384f3ec8b30b20a3612282b3c=1,0,0;0,1,0
8707d90d6ac0732cf372dfe46f4f3815=0,0,1;0,1,0
2adf62fb10de745787681b34af324623=0,0,1;0,1,0
41bee7a8555501c75939606204397520=0,0,1;0,1,0
a98c2efa03ed0a0add2728109660be1b=1,0,0;0,1,0
29bdf00a8d7b1d26c7515d01b40113e2=0,0,1;0,1,0
cff03f54620019b43bf5626bd8c78324=0,0,1;0,1,0
b774cb1396cbdd0b212c60abeed6055a=1,0,0;0,1,0
ab6c86d67e71eacc8e0517ff9546ca2f=0,0,1;0,1,0
f3917868a0666a64048f56200eda2a9f=1,0,0;0,1,0
588f90a31290cf5c1aa1d3dbbcf5445=0,0,1;0,1,0
9c87e362d1074361424585a9e90f11df=0,0,1;0,1,0
4f4fa9833f71d0d2ddad6ca0ca8ed2e9=1,0,0;0,1,0
224f376b7188db185b8999ff85bdfb6e=1,0,0;0,1,0
410774204ebe2383de8bef96b7cf4fe0=1,0,0;0,1,0
a363bdabc03751e6727d4c95a218d69e=1,0,0;0,1,0
f5c21968814ef52f9d56f47f32d54592=0,0,1;0,1,0
6318dd8fe0b18574d878628b316e3c7=0,0,1;0,1,0
1d9d86aad8f0821e8e928cfdfd7742e2=1,0,0;0,1,0
e4487e4c81f9405b69f19fff1339f293=1,0,0;0,1,0
e6ee61bcdf39539ed2c8a1d90b6c8c25=0,0,1;0,1,0
53da6e7a511f39ee61b7b9a53fc1d6b9=0,0,1;0,1,0
3373e21a089e76e7da0d3a5f8131fc6e=1,0,0;0,1,0
b4100f02b42ba3e72e6cd30b95b417b8=0,0,1;0,1,0
76f065c7bdf9d4169698ab072ba0a3ce=0,0,1;0,1,0
6fa4bd1e6134359aad9f0a8fbeade0a5=0,0,1;0,1,0
4f79da452432711b79d9626611724f3b=0,0,1;0,1,0
9804a8b252733e02c407ce0351b76304=1,0,0;0,1,0
9d18658611c2e1da5cb841c2510e7271=0,0,1;0,1,0
d0d9a9ce4257445111722bd24e9ba5ef=1,0,0;0,1,0
2d93352a2a209d2fb21f2897e43d2eb3=0,0,1;0,1,0
5786ca7ad1d029545ecb55d3164479f2=1,0,0;0,1,0
b356a1ee9b4192de407d93780a5bc27=0,0,1;0,1,0
501ba363b674a3f98665b356579a0992=0,0,1;0,1,0
98dee7f3f682162c81dd4bdf7f73cd07=0,0,1;0,1,0
293bc5061e488bb6d5dd9b72338a38d2=0,0,1;0,1,0
aa3c791c676e4abcb7384495b3be770f=0,0,1;0,1,0
b1602ab0608d70844fa0cee428c00af8=0,0,1;0,1,0
9cfe5b7ff1e0226082bbf762b92236ed=0,0,1;0,1,0
381d48ab4cc2e4a571cd9ce0fdde0ab2=1,0,0;0,1,0
d0b7b90a3d4a552d7e50cf2ddfc97e06=0,0,1;0,1,0
857880950a4e1ae152c837bcc3f43f2b=0,0,1;0,1,0
5ad9394086fda73eb4988e28d75ab8e8=0,0,1;0,1,0
eb5e989dc49175c99f68a0e8db4be327=0,0,1;0,1,0
20d46d28e112315fe28f09508122af62=0,0,1;0,1,0
1106bd8c2909348d64c6498d0acc52c4=0,0,1;0,1,0
8d6d3911b551cf66316905b2a0581386=0,0,1;0,1,0
ec2ae02c8a398193cd6cd7211968cfa=1,0,0;0,1,0
831e0607d2f34cd20ed36b99ba3fd4a4=0,0,1;0,1,0
ae7a6cf4035428a03e0a28f80133a56b=0,0,1;0,1,0
19a06cd53a4ef6a607e3ef9f68e76f77=0,0,1;0,1,0
65b5062fb8a8038d0471c0b052ece927=1,0,0;0,1,0
adb349b7167c4d0905345f03cfbaf52d=0,0,1;0,1,0
2802176243521585c1045bf959c18276=0,0,1;0,1,0
62a30e70904638d2d7c1b0afc4583dd2=0,0,1;0,1,0
56d9f401971ab514bc9a3c1e89d8a0f1=0,0,1;0,1,0
7c815fba2baba05f34ca70b72fbe9b78=0,0,1;0,1,0
a6ab33ae7c2f83c8037093b09c9d1e55=1,0,0;0,1,0
c1a72dd8cae209965aae8b335bd335e=0,0,1;0,1,0
8e3331dcc347c6e5df6b5f1415ed5a3f=0,0,1;0,1,0
43dcafaf1e8dc86ce2efa444e812065f=0,0,1;0,1,0
66b842bad8df5bb2f1d489305dffea97=0,0,1;0,1,0
d245717b63a55f734278a967abdad7b7=1,0,0;0,1,0
cb1c4bc66f492e6ecab7556ffc7309b9=0,0,1;0,1,0
4ceeae8f1bdfa31833c9d940f008f56e=1,0,0;0,1,0
7ea845812e9d048b883346f819cfb35b=0,0,1;0,1,0
583a2aa25719c1922fd8929acabadb94=0,0,1;0,1,0
86e72aeddc37f9ebcb8e133b5b9875a2=1,0,0;0,1,0
f4832913b4521f0bef307890904bedbd=0,0,1;0,1,0
dbc8b7cfa7040c793b8c790fc2873ec9=0,0,1;0,1,0
7656577e8492ac2d36d5dd62f5c2a92e=0,0,1;0,1,0
f6dcf3f337881fd7188927458ffd2b5b=1,0,0;0,1,0
5897c0baed8e6a2956aa6e23d613981=0,0,1;0,1,0
d4bf6b9db3a6a972a05e4c8004d88a24=1,0,0;0,1,0
b09193fd0bff8349432712e58fb05c4e=0,0,1;0,1,0
24dd9857367d53cca07b5b2bafb6ca6d=0,0,1;0,1,0
7de1853b03d3cb454e0eeb3600c1799a=0,0,1;0,1,0
75ce31fd5702665c84bed5a28ab5c386=0,0,1;0,1,0
b5c4c4696755fe9a349f06712294e138=0,0,1;0,1,0
d031c621d85c958bcb58514280111d98=0,0,1;0,1,0
ea63e0c688eeff507c33ded0bf95bf17=0,0,1;0,1,0
c28eaba16cb25653e071f6d5ed190bcd=0,0,1;0,1,0
e29524237c355cf35f042b3f4b2473c3=0,0,1;0,1,0
9af10d95a1d59742a559e2bc74f849bd=0,0,1;0,1,0
be38b0b6f2cd51bec64853a619187248=0,0,1;0,1,0
ed28ee9379d75619ae9b147cb47b81b=0,0,1;0,1,0
46ef3301fda7ea6dca057abe915bf8ca=0,0,1;0,1,0
3ac48a5a17a23adb1b49fc0a2090eb44=0,0,1;0,1,0
e05036c7a1e1c7bf81d91af756488e0d=1,0,0;0,1,0
3bd7bbc53f320df914438dfa149ab47e=0,0,1;0,1,0
ee587f9388f237c3c8a12d01561ceadf=1,0,0;0,1,0
80d96bdbcca978c4db8c6549b5fa2a2d=0,0,1;0,1,0
8457082fc1cc277d0bb3a685738d9bcd=0,0,1;0,1,0
930a0e0c3dadd04559be0f0ce5bfcd=0,0,1;0,1,0
c2bdb984563c1115b180963b681019f5=0,0,1;0,1,0
167fb3fcbe0cef07df8842e1f76a1a4c=0,0,1;0,1,0
b84a4f343b8db11477014a4c20421916=0,0,1;0,1,0
75888c628b3ae7a4ff2d96f6542ef79f=0,0,1;0,1,0
ed2e2ab932e576fcb58994993fa72a1f=0,0,1;0,1,0
e1da3cb3a0d2787242b77c9a2ca88040=0,0,1;0,1,0
52febdb6741a37b23bf7446571300124=0,0,1;0,1,0
60e0fc730aa7b80008c970bd6a505957=0,0,1;0,1,0
ae762f24390cb9884054b79e62160f52=1,0,0;0,1,0
af2878d6537f9d8314d436df7ed03387=0,0,1;0,1,0
b80ebf4f5667e90c52e1e6e0d8be0701=0,0,1;0,1,0
44b36d93eb37ab0fa48804ea06d7c6fc=0,0,1;0,1,0
18e0df82020a4b22c70d8fb136afc88=0,0,1;0,1,0
afed73501adc93e6c77fd5d2f6385332=0,0,1;0,1,0
5227909f50c4c23e3812f4a0981b6c1d=0,0,1;0,1,0
4fe1d6bdf5251899c3a8194540973758=0,0,1;0,1,0
c660210a8e51fe5f6d4e0fc1e54893dd=0,0,1;0,1,0
447c4d97afbe8a593bb8a908c768d251=0,0,1;0,1,0
e48b3572ebf4cf2a574bb2f024a92739=1,0,0;0,1,0
a6f2a0a495902ba3442d0809f82efdb=1,0,0;0,1,0
805c8067efef0368b362cc332d46c6ed=0,0,1;0,1,0
d7c9ffc2ab4a853f0b810a8733f2b62=1,0,0;0,1,0
774766c8eabbad89e2e77446bf749cc9=0,0,1;0,1,0
601d48f9d49aee7613d6b389ae692af2=0,0,1;0,1,0
e172f8e8543502183bbf6874465e5433=1,0,0;0,1,0
4da66c79774d0c2b25359322bb7d4812=0,0,1;0,1,0
cebb04df697fd9a78f252b808d94660d=0,0,1;0,1,0
9b592047c6b2e14ec46ac0e56e5a0625=0,0,1;0,1,0
2a511533b72c2f987107152dc316d474=0,0,1;0,1,0
8eb8dafebf4ccc9318a046a4281c108a=0,0,1;0,1,0
ad0fc25d932fbb6beb9fbee63270724=0,0,1;0,1,0
2ca42ab2bf1ea12e1d6c360bcd0a9e7c=0,0,1;0,1,0
