#ID=PREDICTION;GOLDSTANDARD;THRESHOLD
#labels 0=AGAINST 1=FAVOR 2=NONE
0_2=1,0,0;1,0,0
0_6=1,0,0;1,0,0
0_9=1,0,0;1,0,0
0_13=1,0,0;1,0,0
0_16=0,1,0;1,0,0
0_19=1,0,0;1,0,0
0_22=0,0,1;1,0,0
0_27=0,0,1;1,0,0
0_30=0,0,1;1,0,0
0_32=0,1,0;1,0,0
0_34=0,0,1;1,0,0
0_36=1,0,0;1,0,0
0_39=1,0,0;1,0,0
0_41=0,0,1;1,0,0
0_43=0,1,0;1,0,0
0_53=0,1,0;1,0,0
0_67=0,1,0;1,0,0
0_68=1,0,0;1,0,0
0_70=1,0,0;1,0,0
0_71=0,0,1;1,0,0
0_79=1,0,0;1,0,0
0_91=1,0,0;1,0,0
0_94=0,0,1;1,0,0
0_97=1,0,0;1,0,0
0_101=0,0,1;1,0,0
0_103=1,0,0;1,0,0
0_105=1,0,0;1,0,0
0_109=1,0,0;1,0,0
0_110=1,0,0;1,0,0
0_111=1,0,0;1,0,0
0_115=1,0,0;1,0,0
0_116=1,0,0;1,0,0
0_120=0,0,1;1,0,0
0_121=0,0,1;1,0,0
0_122=0,1,0;1,0,0
0_132=1,0,0;1,0,0
0_1=0,1,0;0,1,0
0_3=1,0,0;0,1,0
0_7=1,0,0;0,1,0
0_8=1,0,0;0,1,0
0_10=0,1,0;0,1,0
0_11=1,0,0;0,1,0
0_14=1,0,0;0,1,0
0_15=1,0,0;0,1,0
0_21=0,1,0;0,1,0
0_23=1,0,0;0,1,0
0_26=0,1,0;0,1,0
0_28=0,1,0;0,1,0
0_29=1,0,0;0,1,0
0_33=0,0,1;0,1,0
0_37=1,0,0;0,1,0
0_40=0,1,0;0,1,0
0_47=0,0,1;0,1,0
0_49=1,0,0;0,1,0
0_58=1,0,0;0,1,0
0_59=1,0,0;0,1,0
0_60=1,0,0;0,1,0
0_64=0,1,0;0,1,0
0_65=1,0,0;0,1,0
0_66=1,0,0;0,1,0
0_69=1,0,0;0,1,0
0_72=1,0,0;0,1,0
0_75=1,0,0;0,1,0
0_76=0,0,1;0,1,0
0_77=1,0,0;0,1,0
0_78=0,0,1;0,1,0
0_83=0,0,1;0,1,0
0_93=0,1,0;0,1,0
0_102=1,0,0;0,1,0
0_104=0,0,1;0,1,0
0_106=0,1,0;0,1,0
0_119=1,0,0;0,1,0
0_123=1,0,0;0,1,0
0_124=1,0,0;0,1,0
0_125=1,0,0;0,1,0
0_127=1,0,0;0,1,0
0_131=1,0,0;0,1,0
0_133=1,0,0;0,1,0
0_0=0,1,0;0,0,1
0_4=1,0,0;0,0,1
0_5=1,0,0;0,0,1
0_12=1,0,0;0,0,1
0_17=1,0,0;0,0,1
0_18=0,0,1;0,0,1
0_20=0,0,1;0,0,1
0_24=0,0,1;0,0,1
0_25=0,0,1;0,0,1
0_31=0,0,1;0,0,1
0_35=0,1,0;0,0,1
0_38=0,0,1;0,0,1
0_42=1,0,0;0,0,1
0_44=1,0,0;0,0,1
0_45=0,0,1;0,0,1
0_46=0,0,1;0,0,1
0_48=1,0,0;0,0,1
0_50=1,0,0;0,0,1
0_51=1,0,0;0,0,1
0_52=0,0,1;0,0,1
0_54=0,0,1;0,0,1
0_55=0,0,1;0,0,1
0_56=0,0,1;0,0,1
0_57=0,0,1;0,0,1
0_61=0,0,1;0,0,1
0_62=0,0,1;0,0,1
0_63=0,0,1;0,0,1
0_73=0,0,1;0,0,1
0_74=0,0,1;0,0,1
0_80=0,1,0;0,0,1
0_81=0,1,0;0,0,1
0_82=1,0,0;0,0,1
0_84=0,1,0;0,0,1
0_85=1,0,0;0,0,1
0_86=1,0,0;0,0,1
0_87=0,1,0;0,0,1
0_88=1,0,0;0,0,1
0_89=0,1,0;0,0,1
0_90=0,1,0;0,0,1
0_92=1,0,0;0,0,1
0_95=0,0,1;0,0,1
0_96=1,0,0;0,0,1
0_98=0,1,0;0,0,1
0_99=0,0,1;0,0,1
0_100=1,0,0;0,0,1
0_107=0,0,1;0,0,1
0_108=0,0,1;0,0,1
0_112=0,0,1;0,0,1
0_113=0,1,0;0,0,1
0_114=0,0,1;0,0,1
0_117=0,0,1;0,0,1
0_118=1,0,0;0,0,1
0_126=0,0,1;0,0,1
0_128=0,0,1;0,0,1
0_129=0,0,1;0,0,1
0_130=0,0,1;0,0,1
0_134=0,0,1;0,0,1
0_135=0,0,1;0,0,1
0_136=0,0,1;0,0,1
1_148=0,0,1;1,0,0
1_152=0,0,1;1,0,0
1_170=1,0,0;1,0,0
1_173=1,0,0;1,0,0
1_174=0,1,0;1,0,0
1_184=0,1,0;1,0,0
1_194=0,0,1;1,0,0
1_209=0,1,0;1,0,0
1_215=0,0,1;1,0,0
1_216=1,0,0;1,0,0
1_218=0,0,1;1,0,0
1_219=0,0,1;1,0,0
1_220=1,0,0;1,0,0
1_234=0,1,0;1,0,0
1_242=0,1,0;1,0,0
1_245=0,0,1;1,0,0
1_247=1,0,0;1,0,0
1_249=0,1,0;1,0,0
1_137=1,0,0;0,1,0
1_143=0,0,1;0,1,0
1_144=0,0,1;0,1,0
1_151=0,0,1;0,1,0
1_159=0,0,1;0,1,0
1_161=0,1,0;0,1,0
1_162=0,1,0;0,1,0
1_163=1,0,0;0,1,0
1_164=0,0,1;0,1,0
1_165=0,0,1;0,1,0
1_166=0,0,1;0,1,0
1_172=1,0,0;0,1,0
1_175=1,0,0;0,1,0
1_177=0,1,0;0,1,0
1_180=1,0,0;0,1,0
1_185=1,0,0;0,1,0
1_187=1,0,0;0,1,0
1_188=0,0,1;0,1,0
1_189=0,0,1;0,1,0
1_190=0,0,1;0,1,0
1_191=0,0,1;0,1,0
1_192=0,0,1;0,1,0
1_193=0,1,0;0,1,0
1_195=0,0,1;0,1,0
1_198=0,0,1;0,1,0
1_199=0,0,1;0,1,0
1_201=1,0,0;0,1,0
1_202=0,0,1;0,1,0
1_203=0,0,1;0,1,0
1_206=0,0,1;0,1,0
1_207=0,0,1;0,1,0
1_208=1,0,0;0,1,0
1_210=1,0,0;0,1,0
1_214=0,1,0;0,1,0
1_221=0,0,1;0,1,0
1_222=1,0,0;0,1,0
1_223=0,1,0;0,1,0
1_225=1,0,0;0,1,0
1_226=1,0,0;0,1,0
1_229=1,0,0;0,1,0
1_230=0,0,1;0,1,0
1_231=0,0,1;0,1,0
1_232=1,0,0;0,1,0
1_233=0,1,0;0,1,0
1_235=0,0,1;0,1,0
1_236=1,0,0;0,1,0
1_238=0,1,0;0,1,0
1_239=0,0,1;0,1,0
1_241=1,0,0;0,1,0
1_246=1,0,0;0,1,0
1_248=0,1,0;0,1,0
1_250=0,0,1;0,1,0
1_251=0,1,0;0,1,0
1_138=0,0,1;0,0,1
1_139=0,0,1;0,0,1
1_140=0,0,1;0,0,1
1_141=0,0,1;0,0,1
1_142=0,0,1;0,0,1
1_145=0,0,1;0,0,1
1_146=0,0,1;0,0,1
1_147=0,0,1;0,0,1
1_149=0,0,1;0,0,1
1_150=0,0,1;0,0,1
1_153=1,0,0;0,0,1
1_154=0,0,1;0,0,1
1_155=0,0,1;0,0,1
1_156=0,0,1;0,0,1
1_157=0,0,1;0,0,1
1_158=0,0,1;0,0,1
1_160=0,1,0;0,0,1
1_167=0,0,1;0,0,1
1_168=0,0,1;0,0,1
1_169=0,0,1;0,0,1
1_171=0,0,1;0,0,1
1_176=0,1,0;0,0,1
1_178=0,0,1;0,0,1
1_179=0,0,1;0,0,1
1_181=0,0,1;0,0,1
1_182=0,0,1;0,0,1
1_183=0,0,1;0,0,1
1_186=0,0,1;0,0,1
1_196=0,0,1;0,0,1
1_197=0,0,1;0,0,1
1_200=0,0,1;0,0,1
1_204=0,0,1;0,0,1
1_205=0,0,1;0,0,1
1_211=0,0,1;0,0,1
1_212=0,0,1;0,0,1
1_213=0,0,1;0,0,1
1_217=0,0,1;0,0,1
1_224=0,0,1;0,0,1
1_227=0,0,1;0,0,1
1_228=0,0,1;0,0,1
1_237=0,1,0;0,0,1
1_240=1,0,0;0,0,1
1_243=0,0,1;0,0,1
1_244=0,0,1;0,0,1
2_254=1,0,0;1,0,0
2_258=0,0,1;1,0,0
2_260=1,0,0;1,0,0
2_261=0,0,1;1,0,0
2_262=0,1,0;1,0,0
2_264=0,1,0;1,0,0
2_265=0,1,0;1,0,0
2_266=0,1,0;1,0,0
2_268=0,0,1;1,0,0
2_270=1,0,0;1,0,0
2_272=0,1,0;1,0,0
2_273=0,0,1;1,0,0
2_274=0,0,1;1,0,0
2_277=0,1,0;1,0,0
2_280=0,1,0;1,0,0
2_281=1,0,0;1,0,0
2_283=1,0,0;1,0,0
2_284=0,0,1;1,0,0
2_287=1,0,0;1,0,0
2_288=0,1,0;1,0,0
2_290=0,0,1;1,0,0
2_298=0,0,1;1,0,0
2_302=0,1,0;1,0,0
2_303=0,1,0;1,0,0
2_306=0,1,0;1,0,0
2_308=1,0,0;1,0,0
2_310=0,0,1;1,0,0
2_311=0,1,0;1,0,0
2_313=0,0,1;1,0,0
2_314=0,1,0;1,0,0
2_318=0,0,1;1,0,0
2_320=0,0,1;1,0,0
2_323=0,1,0;1,0,0
2_333=1,0,0;1,0,0
2_336=1,0,0;1,0,0
2_343=0,1,0;1,0,0
2_345=0,0,1;1,0,0
2_347=0,1,0;1,0,0
2_363=0,0,1;1,0,0
2_371=1,0,0;1,0,0
2_252=0,1,0;0,1,0
2_253=0,1,0;0,1,0
2_257=1,0,0;0,1,0
2_263=0,1,0;0,1,0
2_267=0,0,1;0,1,0
2_269=0,1,0;0,1,0
2_271=0,1,0;0,1,0
2_291=0,1,0;0,1,0
2_297=0,1,0;0,1,0
2_300=0,0,1;0,1,0
2_301=0,1,0;0,1,0
2_307=0,1,0;0,1,0
2_309=1,0,0;0,1,0
2_312=0,1,0;0,1,0
2_319=0,0,1;0,1,0
2_325=0,0,1;0,1,0
2_326=0,0,1;0,1,0
2_328=0,1,0;0,1,0
2_329=0,1,0;0,1,0
2_330=0,1,0;0,1,0
2_331=0,0,1;0,1,0
2_332=0,1,0;0,1,0
2_335=0,1,0;0,1,0
2_337=0,1,0;0,1,0
2_338=0,0,1;0,1,0
2_342=0,0,1;0,1,0
2_344=1,0,0;0,1,0
2_346=0,1,0;0,1,0
2_348=0,0,1;0,1,0
2_352=0,1,0;0,1,0
2_359=0,1,0;0,1,0
2_360=0,1,0;0,1,0
2_361=1,0,0;0,1,0
2_367=0,1,0;0,1,0
2_370=0,1,0;0,1,0
2_372=0,1,0;0,1,0
2_375=0,1,0;0,1,0
2_378=0,0,1;0,1,0
2_255=0,0,1;0,0,1
2_256=0,0,1;0,0,1
2_259=0,0,1;0,0,1
2_275=0,1,0;0,0,1
2_276=0,0,1;0,0,1
2_278=0,0,1;0,0,1
2_279=0,1,0;0,0,1
2_282=0,0,1;0,0,1
2_285=0,0,1;0,0,1
2_286=0,0,1;0,0,1
2_289=0,0,1;0,0,1
2_292=0,0,1;0,0,1
2_293=0,0,1;0,0,1
2_294=0,0,1;0,0,1
2_295=0,0,1;0,0,1
2_296=0,0,1;0,0,1
2_299=0,0,1;0,0,1
2_304=0,0,1;0,0,1
2_305=0,1,0;0,0,1
2_315=0,1,0;0,0,1
2_316=0,1,0;0,0,1
2_317=0,0,1;0,0,1
2_321=0,0,1;0,0,1
2_322=0,1,0;0,0,1
2_324=0,0,1;0,0,1
2_327=0,0,1;0,0,1
2_334=0,0,1;0,0,1
2_339=0,0,1;0,0,1
2_340=0,1,0;0,0,1
2_341=0,1,0;0,0,1
2_349=0,0,1;0,0,1
2_350=0,0,1;0,0,1
2_351=0,0,1;0,0,1
2_353=0,0,1;0,0,1
2_354=0,0,1;0,0,1
2_355=0,0,1;0,0,1
2_356=0,0,1;0,0,1
2_357=0,0,1;0,0,1
2_358=0,0,1;0,0,1
2_362=0,0,1;0,0,1
2_364=0,0,1;0,0,1
2_365=0,0,1;0,0,1
2_366=0,0,1;0,0,1
2_368=0,0,1;0,0,1
2_369=0,0,1;0,0,1
2_373=0,0,1;0,0,1
2_374=0,0,1;0,0,1
2_376=0,0,1;0,0,1
2_377=0,0,1;0,0,1
2_379=0,0,1;0,0,1
2_380=0,0,1;0,0,1
2_381=0,0,1;0,0,1
2_382=0,0,1;0,0,1
2_383=0,1,0;0,0,1
2_384=0,0,1;0,0,1
2_385=0,0,1;0,0,1
2_386=0,0,1;0,0,1
2_387=0,0,1;0,0,1
2_388=0,0,1;0,0,1
2_389=0,0,1;0,0,1
2_390=0,0,1;0,0,1
2_391=0,0,1;0,0,1
2_392=0,0,1;0,0,1
2_393=0,0,1;0,0,1
2_394=0,0,1;0,0,1
2_395=0,0,1;0,0,1
2_396=0,0,1;0,0,1
2_397=0,0,1;0,0,1
2_398=0,0,1;0,0,1
2_399=0,0,1;0,0,1
3_400=0,1,0;1,0,0
3_401=0,0,1;1,0,0
3_407=0,1,0;1,0,0
3_415=0,1,0;1,0,0
3_423=0,1,0;1,0,0
3_424=0,1,0;1,0,0
3_426=1,0,0;1,0,0
3_427=0,0,1;1,0,0
3_437=1,0,0;1,0,0
3_442=0,0,1;1,0,0
3_443=0,0,1;1,0,0
3_448=0,0,1;1,0,0
3_450=0,0,1;1,0,0
3_460=0,1,0;1,0,0
3_464=1,0,0;1,0,0
3_469=1,0,0;1,0,0
3_472=0,1,0;1,0,0
3_477=0,0,1;1,0,0
3_481=0,1,0;1,0,0
3_485=1,0,0;1,0,0
3_487=0,0,1;1,0,0
3_490=0,1,0;1,0,0
3_492=0,1,0;1,0,0
3_495=0,1,0;1,0,0
3_496=0,0,1;1,0,0
3_502=0,1,0;1,0,0
3_511=0,0,1;1,0,0
3_513=0,0,1;1,0,0
3_517=0,1,0;1,0,0
3_520=1,0,0;1,0,0
3_524=0,1,0;1,0,0
3_530=0,1,0;1,0,0
3_531=1,0,0;1,0,0
3_534=0,0,1;1,0,0
3_535=1,0,0;1,0,0
3_537=0,1,0;1,0,0
3_541=0,1,0;1,0,0
3_543=1,0,0;1,0,0
3_546=0,1,0;1,0,0
3_547=0,1,0;1,0,0
3_549=0,1,0;1,0,0
3_551=0,0,1;1,0,0
3_557=0,1,0;1,0,0
3_564=1,0,0;1,0,0
3_569=0,1,0;1,0,0
3_571=0,1,0;1,0,0
3_572=0,1,0;1,0,0
3_576=0,0,1;1,0,0
3_578=1,0,0;1,0,0
3_405=1,0,0;0,1,0
3_406=0,1,0;0,1,0
3_408=0,1,0;0,1,0
3_409=0,1,0;0,1,0
3_410=0,1,0;0,1,0
3_411=0,0,1;0,1,0
3_412=1,0,0;0,1,0
3_416=1,0,0;0,1,0
3_417=0,1,0;0,1,0
3_418=0,0,1;0,1,0
3_433=0,1,0;0,1,0
3_434=0,1,0;0,1,0
3_436=0,1,0;0,1,0
3_438=0,0,1;0,1,0
3_455=0,1,0;0,1,0
3_465=0,1,0;0,1,0
3_466=0,1,0;0,1,0
3_468=0,1,0;0,1,0
3_470=0,1,0;0,1,0
3_471=0,0,1;0,1,0
3_478=0,1,0;0,1,0
3_483=0,1,0;0,1,0
3_491=0,0,1;0,1,0
3_497=0,1,0;0,1,0
3_503=0,1,0;0,1,0
3_506=0,0,1;0,1,0
3_512=0,1,0;0,1,0
3_516=0,0,1;0,1,0
3_523=1,0,0;0,1,0
3_525=0,0,1;0,1,0
3_533=0,1,0;0,1,0
3_536=0,1,0;0,1,0
3_538=1,0,0;0,1,0
3_542=0,0,1;0,1,0
3_550=0,1,0;0,1,0
3_561=1,0,0;0,1,0
3_563=1,0,0;0,1,0
3_565=0,0,1;0,1,0
3_570=0,0,1;0,1,0
3_573=1,0,0;0,1,0
3_575=0,1,0;0,1,0
3_579=0,1,0;0,1,0
3_402=0,0,1;0,0,1
3_403=0,0,1;0,0,1
3_404=0,0,1;0,0,1
3_413=0,0,1;0,0,1
3_414=0,0,1;0,0,1
3_419=0,0,1;0,0,1
3_420=0,0,1;0,0,1
3_421=0,0,1;0,0,1
3_422=0,0,1;0,0,1
3_425=0,0,1;0,0,1
3_428=0,0,1;0,0,1
3_429=0,1,0;0,0,1
3_430=0,0,1;0,0,1
3_431=0,0,1;0,0,1
3_432=0,0,1;0,0,1
3_435=0,0,1;0,0,1
3_439=0,1,0;0,0,1
3_440=0,0,1;0,0,1
3_441=0,0,1;0,0,1
3_444=0,0,1;0,0,1
3_445=0,0,1;0,0,1
3_446=0,0,1;0,0,1
3_447=0,0,1;0,0,1
3_449=0,0,1;0,0,1
3_451=0,0,1;0,0,1
3_452=0,0,1;0,0,1
3_453=0,0,1;0,0,1
3_454=0,1,0;0,0,1
3_456=0,0,1;0,0,1
3_457=0,0,1;0,0,1
3_458=0,0,1;0,0,1
3_459=0,0,1;0,0,1
3_461=0,0,1;0,0,1
3_462=0,0,1;0,0,1
3_463=0,1,0;0,0,1
3_467=0,0,1;0,0,1
3_473=0,0,1;0,0,1
3_474=0,0,1;0,0,1
3_475=0,0,1;0,0,1
3_476=0,0,1;0,0,1
3_479=0,0,1;0,0,1
3_480=0,1,0;0,0,1
3_482=0,1,0;0,0,1
3_484=0,0,1;0,0,1
3_486=0,0,1;0,0,1
3_488=0,0,1;0,0,1
3_489=0,0,1;0,0,1
3_493=0,0,1;0,0,1
3_494=0,0,1;0,0,1
3_498=0,1,0;0,0,1
3_499=0,0,1;0,0,1
3_500=0,0,1;0,0,1
3_501=0,1,0;0,0,1
3_504=0,0,1;0,0,1
3_505=0,0,1;0,0,1
3_507=0,0,1;0,0,1
3_508=0,1,0;0,0,1
3_509=0,0,1;0,0,1
3_510=0,0,1;0,0,1
3_514=0,0,1;0,0,1
3_515=0,0,1;0,0,1
3_518=0,0,1;0,0,1
3_519=0,1,0;0,0,1
3_521=0,0,1;0,0,1
3_522=0,0,1;0,0,1
3_526=0,0,1;0,0,1
3_527=0,1,0;0,0,1
3_528=0,0,1;0,0,1
3_529=0,0,1;0,0,1
3_532=0,0,1;0,0,1
3_539=0,0,1;0,0,1
3_540=0,0,1;0,0,1
3_544=0,0,1;0,0,1
3_545=0,0,1;0,0,1
3_548=0,1,0;0,0,1
3_552=0,1,0;0,0,1
3_553=0,0,1;0,0,1
3_554=0,0,1;0,0,1
3_555=0,1,0;0,0,1
3_556=0,0,1;0,0,1
3_558=0,0,1;0,0,1
3_559=0,1,0;0,0,1
3_560=0,1,0;0,0,1
3_562=0,0,1;0,0,1
3_566=0,0,1;0,0,1
3_567=0,1,0;0,0,1
3_568=0,0,1;0,0,1
3_574=0,0,1;0,0,1
3_577=0,1,0;0,0,1
3_580=0,0,1;0,0,1
4_582=0,0,1;1,0,0
4_587=1,0,0;1,0,0
4_592=0,1,0;1,0,0
4_593=1,0,0;1,0,0
4_596=1,0,0;1,0,0
4_601=1,0,0;1,0,0
4_604=0,0,1;1,0,0
4_605=0,0,1;1,0,0
4_606=0,1,0;1,0,0
4_607=1,0,0;1,0,0
4_608=0,0,1;1,0,0
4_616=0,0,1;1,0,0
4_617=0,0,1;1,0,0
4_621=0,0,1;1,0,0
4_623=0,1,0;1,0,0
4_629=1,0,0;1,0,0
4_631=0,1,0;1,0,0
4_636=0,0,1;1,0,0
4_637=1,0,0;1,0,0
4_639=0,0,1;1,0,0
4_640=0,0,1;1,0,0
4_641=0,1,0;1,0,0
4_643=0,0,1;1,0,0
4_644=0,1,0;1,0,0
4_647=0,0,1;1,0,0
4_648=1,0,0;1,0,0
4_649=0,0,1;1,0,0
4_651=0,1,0;1,0,0
4_652=0,1,0;1,0,0
4_653=1,0,0;1,0,0
4_654=1,0,0;1,0,0
4_655=0,0,1;1,0,0
4_661=0,1,0;1,0,0
4_663=0,1,0;1,0,0
4_667=1,0,0;1,0,0
4_668=1,0,0;1,0,0
4_673=0,1,0;1,0,0
4_674=0,0,1;1,0,0
4_675=0,0,1;1,0,0
4_676=0,1,0;1,0,0
4_677=0,1,0;1,0,0
4_680=1,0,0;1,0,0
4_581=0,1,0;0,1,0
4_583=1,0,0;0,1,0
4_586=0,0,1;0,1,0
4_588=1,0,0;0,1,0
4_590=0,1,0;0,1,0
4_591=1,0,0;0,1,0
4_594=0,0,1;0,1,0
4_597=0,1,0;0,1,0
4_598=0,1,0;0,1,0
4_599=1,0,0;0,1,0
4_602=0,0,1;0,1,0
4_603=0,0,1;0,1,0
4_609=0,0,1;0,1,0
4_613=1,0,0;0,1,0
4_615=0,0,1;0,1,0
4_620=0,0,1;0,1,0
4_625=1,0,0;0,1,0
4_627=0,1,0;0,1,0
4_630=0,1,0;0,1,0
4_634=1,0,0;0,1,0
4_656=0,0,1;0,1,0
4_657=0,1,0;0,1,0
4_659=0,1,0;0,1,0
4_660=0,0,1;0,1,0
4_662=0,1,0;0,1,0
4_664=0,1,0;0,1,0
4_665=0,0,1;0,1,0
4_666=0,0,1;0,1,0
4_670=1,0,0;0,1,0
4_672=0,1,0;0,1,0
4_681=1,0,0;0,1,0
4_683=0,1,0;0,1,0
4_684=0,0,1;0,1,0
4_689=0,1,0;0,1,0
4_692=0,0,1;0,1,0
4_693=0,0,1;0,1,0
4_695=0,0,1;0,1,0
4_698=0,1,0;0,1,0
4_584=0,0,1;0,0,1
4_585=0,0,1;0,0,1
4_589=1,0,0;0,0,1
4_595=0,0,1;0,0,1
4_600=0,0,1;0,0,1
4_610=0,0,1;0,0,1
4_611=0,0,1;0,0,1
4_612=0,0,1;0,0,1
4_614=0,0,1;0,0,1
4_618=0,0,1;0,0,1
4_619=0,0,1;0,0,1
4_622=0,1,0;0,0,1
4_624=0,0,1;0,0,1
4_626=0,1,0;0,0,1
4_628=0,0,1;0,0,1
4_632=1,0,0;0,0,1
4_633=0,0,1;0,0,1
4_635=0,0,1;0,0,1
4_638=0,0,1;0,0,1
4_642=0,0,1;0,0,1
4_645=0,0,1;0,0,1
4_646=0,1,0;0,0,1
4_650=0,1,0;0,0,1
4_658=0,0,1;0,0,1
4_669=1,0,0;0,0,1
4_671=0,0,1;0,0,1
4_678=0,0,1;0,0,1
4_679=0,1,0;0,0,1
4_682=0,0,1;0,0,1
4_685=0,0,1;0,0,1
4_686=0,0,1;0,0,1
4_687=0,0,1;0,0,1
4_688=0,1,0;0,0,1
4_690=0,0,1;0,0,1
4_691=0,0,1;0,0,1
4_694=0,0,1;0,0,1
4_696=0,0,1;0,0,1
4_697=0,0,1;0,0,1
5_702=1,0,0;1,0,0
5_706=1,0,0;1,0,0
5_707=0,0,1;1,0,0
5_710=0,1,0;1,0,0
5_712=0,0,1;1,0,0
5_716=0,0,1;1,0,0
5_721=0,0,1;1,0,0
5_723=1,0,0;1,0,0
5_725=0,0,1;1,0,0
5_727=1,0,0;1,0,0
5_737=0,0,1;1,0,0
5_741=1,0,0;1,0,0
5_744=0,1,0;1,0,0
5_746=0,0,1;1,0,0
5_748=0,0,1;1,0,0
5_750=0,0,1;1,0,0
5_762=1,0,0;1,0,0
5_763=0,1,0;1,0,0
5_764=0,1,0;1,0,0
5_768=0,0,1;1,0,0
5_775=1,0,0;1,0,0
5_776=1,0,0;1,0,0
5_778=0,0,1;1,0,0
5_781=0,0,1;1,0,0
5_783=0,1,0;1,0,0
5_786=1,0,0;1,0,0
5_788=0,1,0;1,0,0
5_790=1,0,0;1,0,0
5_792=1,0,0;1,0,0
5_793=0,0,1;1,0,0
5_794=1,0,0;1,0,0
5_796=0,0,1;1,0,0
5_800=1,0,0;1,0,0
5_802=0,0,1;1,0,0
5_808=0,1,0;1,0,0
5_813=0,0,1;1,0,0
5_814=0,0,1;1,0,0
5_817=0,0,1;1,0,0
5_818=0,1,0;1,0,0
5_699=0,1,0;0,1,0
5_704=0,0,1;0,1,0
5_705=1,0,0;0,1,0
5_708=0,1,0;0,1,0
5_709=1,0,0;0,1,0
5_711=0,0,1;0,1,0
5_713=0,1,0;0,1,0
5_714=0,1,0;0,1,0
5_715=1,0,0;0,1,0
5_717=1,0,0;0,1,0
5_718=1,0,0;0,1,0
5_720=0,1,0;0,1,0
5_724=0,1,0;0,1,0
5_726=0,1,0;0,1,0
5_728=1,0,0;0,1,0
5_729=0,0,1;0,1,0
5_730=0,1,0;0,1,0
5_731=0,0,1;0,1,0
5_736=1,0,0;0,1,0
5_738=1,0,0;0,1,0
5_739=0,0,1;0,1,0
5_740=1,0,0;0,1,0
5_742=0,1,0;0,1,0
5_743=0,0,1;0,1,0
5_745=0,1,0;0,1,0
5_749=0,0,1;0,1,0
5_751=1,0,0;0,1,0
5_752=1,0,0;0,1,0
5_756=0,1,0;0,1,0
5_758=0,1,0;0,1,0
5_759=1,0,0;0,1,0
5_760=0,1,0;0,1,0
5_761=0,0,1;0,1,0
5_765=1,0,0;0,1,0
5_766=1,0,0;0,1,0
5_769=0,0,1;0,1,0
5_770=0,0,1;0,1,0
5_773=0,1,0;0,1,0
5_774=0,1,0;0,1,0
5_782=0,1,0;0,1,0
5_784=0,0,1;0,1,0
5_785=0,1,0;0,1,0
5_787=1,0,0;0,1,0
5_791=0,1,0;0,1,0
5_795=0,0,1;0,1,0
5_797=0,1,0;0,1,0
5_798=0,1,0;0,1,0
5_799=1,0,0;0,1,0
5_801=0,1,0;0,1,0
5_804=0,0,1;0,1,0
5_806=0,1,0;0,1,0
5_807=0,0,1;0,1,0
5_809=0,0,1;0,1,0
5_810=0,0,1;0,1,0
5_811=0,0,1;0,1,0
5_812=0,0,1;0,1,0
5_815=0,0,1;0,1,0
5_816=0,1,0;0,1,0
5_819=1,0,0;0,1,0
5_700=0,0,1;0,0,1
5_701=0,0,1;0,0,1
5_703=0,0,1;0,0,1
5_719=0,0,1;0,0,1
5_722=0,0,1;0,0,1
5_732=1,0,0;0,0,1
5_733=1,0,0;0,0,1
5_734=0,0,1;0,0,1
5_735=0,0,1;0,0,1
5_747=0,0,1;0,0,1
5_753=0,0,1;0,0,1
5_754=0,0,1;0,0,1
5_755=0,0,1;0,0,1
5_757=0,0,1;0,0,1
5_767=0,0,1;0,0,1
5_771=0,0,1;0,0,1
5_772=1,0,0;0,0,1
5_777=1,0,0;0,0,1
5_779=0,0,1;0,0,1
5_780=0,0,1;0,0,1
5_789=0,0,1;0,0,1
5_803=0,0,1;0,0,1
5_805=0,0,1;0,0,1
5_820=0,1,0;0,0,1
