#ID=PREDICTION;GOLDSTANDARD;THRESHOLD
#labels 0=AGAINST 1=FAVOR 2=NONE
#Wed Dec 09 11:56:25 CET 2015
tweets719.xml=1,0,0;0,0,1;-1.0
tweets1156.xml=0,1,0;1,0,0;-1.0
tweets1285.xml=1,0,0;1,0,0;-1.0
tweets2599.xml=1,0,0;0,0,1;-1.0
tweets1749.xml=1,0,0;1,0,0;-1.0
tweets2390.xml=0,0,1;1,0,0;-1.0
tweets2217.xml=0,0,1;1,0,0;-1.0
tweets1032.xml=0,0,1;0,0,1;-1.0
tweets2854.xml=1,0,0;1,0,0;-1.0
tweets2346.xml=0,1,0;0,1,0;-1.0
tweets229.xml=1,0,0;1,0,0;-1.0
tweets866.xml=1,0,0;0,0,1;-1.0
tweets995.xml=0,0,1;0,1,0;-1.0
tweets1259.xml=0,0,1;0,1,0;-1.0
tweets2601.xml=1,0,0;1,0,0;-1.0
tweets1896.xml=1,0,0;1,0,0;-1.0
tweets2730.xml=0,0,1;1,0,0;-1.0
tweets613.xml=0,0,1;1,0,0;-1.0
tweets742.xml=0,0,1;0,0,1;-1.0
tweets2493.xml=0,1,0;0,1,0;-1.0
tweets1006.xml=0,1,0;0,1,0;-1.0
tweets1643.xml=0,0,1;1,0,0;-1.0
tweets376.xml=1,0,0;1,0,0;-1.0
tweets1772.xml=0,0,1;1,0,0;-1.0
tweets969.xml=0,0,1;0,1,0;-1.0
tweets2111.xml=0,0,1;1,0,0;-1.0
tweets2240.xml=1,0,0;1,0,0;-1.0
tweets123.xml=1,0,0;0,0,1;-1.0
tweets2704.xml=1,0,0;1,0,0;-1.0
tweets1999.xml=1,0,0;0,1,0;-1.0
tweets252.xml=0,0,1;1,0,0;-1.0
tweets716.xml=0,1,0;0,1,0;-1.0
tweets1153.xml=1,0,0;1,0,0;-1.0
tweets2467.xml=1,0,0;1,0,0;-1.0
tweets1282.xml=0,0,1;0,1,0;-1.0
tweets2596.xml=1,0,0;1,0,0;-1.0
tweets1617.xml=0,0,1;1,0,0;-1.0
tweets479.xml=0,0,1;0,0,1;-1.0
tweets1746.xml=0,0,1;0,1,0;-1.0
tweets2214.xml=0,0,1;0,0,1;-1.0
tweets2851.xml=0,0,1;1,0,0;-1.0
tweets2343.xml=0,1,0;0,1,0;-1.0
tweets226.xml=0,1,0;0,1,0;-1.0
tweets2807.xml=0,0,1;0,0,1;-1.0
tweets863.xml=0,0,1;0,1,0;-1.0
tweets992.xml=0,1,0;0,0,1;-1.0
tweets1127.xml=0,1,0;0,1,0;-1.0
tweets1256.xml=0,0,1;0,0,1;-1.0
tweets1893.xml=1,0,0;1,0,0;-1.0
tweets610.xml=0,0,1;1,0,0;-1.0
tweets2490.xml=1,0,0;0,0,1;-1.0
tweets1003.xml=0,0,1;0,0,1;-1.0
tweets2317.xml=0,0,1;0,0,1;-1.0
tweets1640.xml=1,0,0;1,0,0;-1.0
tweets373.xml=0,0,1;1,0,0;-1.0
tweets837.xml=0,0,1;0,0,1;-1.0
tweets966.xml=0,0,1;0,1,0;-1.0
tweets1867.xml=0,0,1;1,0,0;-1.0
tweets120.xml=1,0,0;1,0,0;-1.0
tweets1996.xml=1,0,0;1,0,0;-1.0
tweets2701.xml=1,0,0;1,0,0;-1.0
tweets713.xml=0,0,1;0,1,0;-1.0
tweets1150.xml=0,0,1;0,1,0;-1.0
tweets2464.xml=1,0,0;0,1,0;-1.0
tweets2593.xml=0,1,0;1,0,0;-1.0
tweets1614.xml=1,0,0;1,0,0;-1.0
tweets347.xml=1,0,0;0,0,1;-1.0
tweets1743.xml=0,0,1;1,0,0;-1.0
tweets476.xml=1,0,0;1,0,0;-1.0
tweets1377.xml=0,0,1;0,0,1;-1.0
tweets2211.xml=0,0,1;1,0,0;-1.0
tweets2340.xml=1,0,0;0,1,0;-1.0
tweets223.xml=1,0,0;1,0,0;-1.0
tweets860.xml=0,0,1;0,0,1;-1.0
tweets2804.xml=0,1,0;0,0,1;-1.0
tweets1124.xml=0,1,0;0,1,0;-1.0
tweets2438.xml=1,0,0;1,0,0;-1.0
tweets1253.xml=1,0,0;1,0,0;-1.0
tweets1890.xml=0,0,1;0,1,0;-1.0
tweets2567.xml=0,0,1;1,0,0;-1.0
tweets1717.xml=0,0,1;1,0,0;-1.0
tweets579.xml=1,0,0;0,1,0;-1.0
tweets1000.xml=0,0,1;0,1,0;-1.0
tweets2314.xml=1,0,0;1,0,0;-1.0
tweets370.xml=0,1,0;0,0,1;-1.0
tweets834.xml=0,0,1;0,1,0;-1.0
tweets2077.xml=0,0,1;0,1,0;-1.0
tweets963.xml=0,0,1;0,0,1;-1.0
tweets1227.xml=0,0,1;0,1,0;-1.0
tweets1864.xml=0,0,1;1,0,0;-1.0
tweets1993.xml=0,1,0;0,1,0;-1.0
tweets710.xml=0,1,0;0,0,1;-1.0
tweets2461.xml=1,0,0;1,0,0;-1.0
tweets2590.xml=1,0,0;0,1,0;-1.0
tweets344.xml=0,0,1;0,0,1;-1.0
tweets1611.xml=1,0,0;0,1,0;-1.0
tweets1740.xml=1,0,0;1,0,0;-1.0
tweets473.xml=0,0,1;0,1,0;-1.0
tweets808.xml=0,0,1;0,0,1;-1.0
tweets937.xml=0,0,1;0,1,0;-1.0
tweets1374.xml=1,0,0;0,1,0;-1.0
tweets2688.xml=0,0,1;0,0,1;-1.0
tweets1838.xml=0,0,1;0,1,0;-1.0
tweets1967.xml=0,0,1;0,0,1;-1.0
tweets220.xml=0,1,0;0,1,0;-1.0
tweets2801.xml=0,0,1;0,1,0;-1.0
tweets1121.xml=0,0,1;1,0,0;-1.0
tweets2435.xml=0,0,1;1,0,0;-1.0
tweets1250.xml=0,0,1;0,1,0;-1.0
tweets2564.xml=1,0,0;1,0,0;-1.0
tweets1714.xml=1,0,0;0,1,0;-1.0
tweets447.xml=0,0,1;1,0,0;-1.0
tweets2198.xml=1,0,0;1,0,0;-1.0
tweets576.xml=1,0,0;1,0,0;-1.0
tweets1348.xml=0,0,1;0,1,0;-1.0
tweets1477.xml=0,0,1;1,0,0;-1.0
tweets2311.xml=1,0,0;1,0,0;-1.0
tweets831.xml=0,0,1;0,1,0;-1.0
tweets960.xml=0,0,1;0,1,0;-1.0
tweets2074.xml=0,0,1;0,1,0;-1.0
tweets2409.xml=0,0,1;0,1,0;-1.0
tweets1224.xml=0,1,0;0,0,1;-1.0
tweets1861.xml=0,0,1;0,1,0;-1.0
tweets2538.xml=1,0,0;1,0,0;-1.0
tweets1990.xml=0,0,1;1,0,0;-1.0
tweets341.xml=0,0,1;0,0,1;-1.0
tweets470.xml=0,1,0;1,0,0;-1.0
tweets805.xml=1,0,0;0,0,1;-1.0
tweets934.xml=0,0,1;0,1,0;-1.0
tweets2048.xml=0,0,1;0,0,1;-1.0
tweets1371.xml=1,0,0;1,0,0;-1.0
tweets2685.xml=0,0,1;1,0,0;-1.0
tweets1835.xml=0,0,1;0,0,1;-1.0
tweets697.xml=0,0,1;0,0,1;-1.0
tweets1964.xml=1,0,0;0,0,1;-1.0
tweets1598.xml=0,0,1;1,0,0;-1.0
tweets2432.xml=1,0,0;0,1,0;-1.0
tweets2561.xml=0,0,1;1,0,0;-1.0
tweets1711.xml=1,0,0;0,1,0;-1.0
tweets444.xml=1,0,0;1,0,0;-1.0
tweets2195.xml=0,0,1;1,0,0;-1.0
tweets573.xml=0,0,1;1,0,0;-1.0
tweets1345.xml=0,0,1;0,0,1;-1.0
tweets908.xml=0,1,0;1,0,0;-1.0
tweets2659.xml=1,0,0;0,0,1;-1.0
tweets1474.xml=0,0,1;1,0,0;-1.0
tweets2788.xml=0,0,1;1,0,0;-1.0
tweets1809.xml=1,0,0;0,0,1;-1.0
tweets1938.xml=0,0,1;0,0,1;-1.0
tweets2071.xml=0,0,1;0,1,0;-1.0
tweets2406.xml=0,0,1;0,0,1;-1.0
tweets1221.xml=1,0,0;0,1,0;-1.0
tweets2535.xml=1,0,0;1,0,0;-1.0
tweets418.xml=0,0,1;1,0,0;-1.0
tweets2169.xml=1,0,0;1,0,0;-1.0
tweets547.xml=1,0,0;1,0,0;-1.0
tweets2298.xml=0,0,1;1,0,0;-1.0
tweets1319.xml=0,0,1;0,0,1;-1.0
tweets1448.xml=0,1,0;0,1,0;-1.0
tweets802.xml=0,0,1;0,0,1;-1.0
tweets2045.xml=1,0,0;1,0,0;-1.0
tweets931.xml=0,1,0;0,1,0;-1.0
tweets2682.xml=0,0,1;0,1,0;-1.0
tweets2509.xml=1,0,0;1,0,0;-1.0
tweets1832.xml=0,0,1;0,1,0;-1.0
tweets694.xml=0,0,1;0,0,1;-1.0
tweets1961.xml=1,0,0;1,0,0;-1.0
tweets1595.xml=1,0,0;1,0,0;-1.0
tweets1087.xml=0,0,1;0,0,1;-1.0
tweets441.xml=0,0,1;0,0,1;-1.0
tweets2192.xml=0,0,1;1,0,0;-1.0
tweets570.xml=0,0,1;1,0,0;-1.0
tweets905.xml=1,0,0;1,0,0;-1.0
tweets2019.xml=0,1,0;0,1,0;-1.0
tweets1342.xml=0,1,0;0,0,1;-1.0
tweets2656.xml=0,0,1;0,0,1;-1.0
tweets1471.xml=0,0,1;0,0,1;-1.0
tweets2785.xml=1,0,0;1,0,0;-1.0
tweets1806.xml=1,0,0;1,0,0;-1.0
tweets1935.xml=0,0,1;1,0,0;-1.0
tweets668.xml=0,0,1;0,0,1;-1.0
tweets797.xml=0,0,1;0,1,0;-1.0
tweets1698.xml=0,0,1;1,0,0;-1.0
tweets2403.xml=0,0,1;0,0,1;-1.0
tweets2532.xml=1,0,0;1,0,0;-1.0
tweets415.xml=0,0,1;0,1,0;-1.0
tweets2166.xml=0,0,1;1,0,0;-1.0
tweets544.xml=0,0,1;1,0,0;-1.0
tweets2295.xml=1,0,0;1,0,0;-1.0
tweets1316.xml=1,0,0;1,0,0;-1.0
tweets1445.xml=0,0,1;0,0,1;-1.0
tweets178.xml=0,0,1;0,1,0;-1.0
tweets2759.xml=0,0,1;0,0,1;-1.0
tweets1909.xml=0,0,1;1,0,0;-1.0
tweets2042.xml=1,0,0;0,1,0;-1.0
tweets2506.xml=1,0,0;0,0,1;-1.0
tweets691.xml=0,0,1;0,0,1;-1.0
tweets518.xml=0,0,1;1,0,0;-1.0
tweets2269.xml=0,1,0;1,0,0;-1.0
tweets1592.xml=1,0,0;1,0,0;-1.0
tweets1084.xml=0,0,1;1,0,0;-1.0
tweets1419.xml=0,0,1;0,1,0;-1.0
tweets1548.xml=0,0,1;1,0,0;-1.0
tweets902.xml=0,0,1;0,1,0;-1.0
tweets2016.xml=0,0,1;1,0,0;-1.0
tweets2653.xml=0,0,1;0,0,1;-1.0
tweets2782.xml=0,1,0;0,1,0;-1.0
tweets1803.xml=0,0,1;1,0,0;-1.0
tweets1932.xml=0,0,1;0,0,1;-1.0
tweets665.xml=0,1,0;0,1,0;-1.0
tweets794.xml=0,1,0;0,1,0;-1.0
tweets1058.xml=0,0,1;0,0,1;-1.0
tweets1695.xml=0,0,1;0,1,0;-1.0
tweets2400.xml=0,0,1;0,0,1;-1.0
tweets412.xml=0,0,1;0,0,1;-1.0
tweets2163.xml=1,0,0;1,0,0;-1.0
tweets541.xml=0,1,0;1,0,0;-1.0
tweets2292.xml=0,0,1;1,0,0;-1.0
tweets1313.xml=0,0,1;1,0,0;-1.0
tweets2627.xml=0,0,1;0,1,0;-1.0
tweets1442.xml=0,1,0;0,0,1;-1.0
tweets175.xml=1,0,0;0,1,0;-1.0
tweets2756.xml=0,0,1;1,0,0;-1.0
tweets639.xml=0,1,0;0,1,0;-1.0
tweets1906.xml=1,0,0;1,0,0;-1.0
tweets768.xml=0,0,1;0,1,0;-1.0
tweets1669.xml=0,0,1;1,0,0;-1.0
tweets1798.xml=1,0,0;1,0,0;-1.0
tweets2503.xml=1,0,0;0,1,0;-1.0
tweets2137.xml=0,0,1;1,0,0;-1.0
tweets515.xml=1,0,0;1,0,0;-1.0
tweets2266.xml=0,0,1;1,0,0;-1.0
tweets1081.xml=0,1,0;0,1,0;-1.0
tweets1416.xml=0,1,0;0,1,0;-1.0
tweets149.xml=1,0,0;1,0,0;-1.0
tweets1545.xml=1,0,0;1,0,0;-1.0
tweets278.xml=1,0,0;0,0,1;-1.0
tweets1179.xml=0,1,0;0,1,0;-1.0
tweets2013.xml=1,0,0;1,0,0;-1.0
tweets2650.xml=0,1,0;1,0,0;-1.0
tweets1800.xml=0,1,0;0,1,0;-1.0
tweets662.xml=0,0,1;0,1,0;-1.0
tweets791.xml=1,0,0;0,0,1;-1.0
tweets1055.xml=0,0,1;0,0,1;-1.0
tweets2877.xml=1,0,0;1,0,0;-1.0
tweets2369.xml=0,0,1;1,0,0;-1.0
tweets1692.xml=1,0,0;0,1,0;-1.0
tweets1519.xml=0,1,0;1,0,0;-1.0
tweets889.xml=0,0,1;0,1,0;-1.0
tweets2160.xml=0,0,1;1,0,0;-1.0
tweets1310.xml=0,0,1;1,0,0;-1.0
tweets2624.xml=0,0,1;0,0,1;-1.0
tweets172.xml=1,0,0;1,0,0;-1.0
tweets2753.xml=1,0,0;0,0,1;-1.0
tweets1903.xml=0,0,1;0,0,1;-1.0
tweets636.xml=0,1,0;0,0,1;-1.0
tweets2387.xml=1,0,0;0,0,1;-1.0
tweets765.xml=0,0,1;0,1,0;-1.0
tweets1029.xml=1,0,0;1,0,0;-1.0
tweets1666.xml=1,0,0;1,0,0;-1.0
tweets399.xml=0,0,1;1,0,0;-1.0
tweets1795.xml=1,0,0;1,0,0;-1.0
tweets2500.xml=0,0,1;0,0,1;-1.0
tweets2134.xml=1,0,0;1,0,0;-1.0
tweets512.xml=1,0,0;1,0,0;-1.0
tweets2263.xml=1,0,0;0,1,0;-1.0
tweets1413.xml=0,0,1;0,1,0;-1.0
tweets146.xml=1,0,0;0,1,0;-1.0
tweets2727.xml=1,0,0;1,0,0;-1.0
tweets1542.xml=0,0,1;1,0,0;-1.0
tweets275.xml=1,0,0;1,0,0;-1.0
tweets739.xml=0,0,1;0,0,1;-1.0
tweets1176.xml=1,0,0;1,0,0;-1.0
tweets2010.xml=1,0,0;0,1,0;-1.0
tweets1769.xml=0,0,1;1,0,0;-1.0
tweets2108.xml=0,1,0;1,0,0;-1.0
tweets2237.xml=1,0,0;1,0,0;-1.0
tweets1052.xml=1,0,0;0,1,0;-1.0
tweets2874.xml=1,0,0;1,0,0;-1.0
tweets2366.xml=0,0,1;1,0,0;-1.0
tweets249.xml=0,0,1;1,0,0;-1.0
tweets1516.xml=0,0,1;1,0,0;-1.0
tweets886.xml=0,0,1;0,0,1;-1.0
tweets1279.xml=0,0,1;0,1,0;-1.0
tweets2621.xml=0,0,1;1,0,0;-1.0
tweets2750.xml=0,1,0;0,0,1;-1.0
tweets1900.xml=1,0,0;1,0,0;-1.0
tweets633.xml=0,0,1;0,0,1;-1.0
tweets2384.xml=0,0,1;1,0,0;-1.0
tweets762.xml=0,0,1;0,0,1;-1.0
tweets2848.xml=1,0,0;1,0,0;-1.0
tweets1026.xml=1,0,0;1,0,0;-1.0
tweets1663.xml=0,1,0;1,0,0;-1.0
tweets396.xml=1,0,0;1,0,0;-1.0
tweets1792.xml=0,1,0;0,0,1;-1.0
tweets989.xml=0,0,1;0,0,1;-1.0
tweets2131.xml=0,0,1;1,0,0;-1.0
tweets2260.xml=0,0,1;1,0,0;-1.0
tweets143.xml=1,0,0;1,0,0;-1.0
tweets1410.xml=0,0,1;1,0,0;-1.0
tweets2724.xml=0,0,1;0,0,1;-1.0
tweets272.xml=1,0,0;1,0,0;-1.0
tweets607.xml=0,0,1;1,0,0;-1.0
tweets736.xml=0,0,1;0,1,0;-1.0
tweets1173.xml=0,0,1;0,1,0;-1.0
tweets2487.xml=0,0,1;1,0,0;-1.0
tweets1637.xml=1,0,0;0,0,1;-1.0
tweets1766.xml=0,0,1;1,0,0;-1.0
tweets499.xml=0,0,1;1,0,0;-1.0
tweets2105.xml=1,0,0;1,0,0;-1.0
tweets2234.xml=1,0,0;0,0,1;-1.0
tweets2871.xml=0,0,1;1,0,0;-1.0
tweets2363.xml=0,0,1;1,0,0;-1.0
tweets117.xml=0,0,1;0,0,1;-1.0
tweets1513.xml=1,0,0;1,0,0;-1.0
tweets246.xml=1,0,0;0,1,0;-1.0
tweets2827.xml=0,0,1;0,1,0;-1.0
tweets883.xml=1,0,0;0,0,1;-1.0
tweets1147.xml=0,0,1;1,0,0;-1.0
tweets1276.xml=0,0,1;0,1,0;-1.0
tweets630.xml=0,0,1;0,1,0;-1.0
tweets2381.xml=0,0,1;0,0,1;-1.0
tweets2208.xml=1,0,0;1,0,0;-1.0
tweets1023.xml=1,0,0;1,0,0;-1.0
tweets2845.xml=1,0,0;1,0,0;-1.0
tweets393.xml=0,0,1;1,0,0;-1.0
tweets2337.xml=1,0,0;1,0,0;-1.0
tweets1660.xml=1,0,0;1,0,0;-1.0
tweets857.xml=0,1,0;0,1,0;-1.0
tweets986.xml=0,0,1;0,0,1;-1.0
tweets1887.xml=0,0,1;0,1,0;-1.0
tweets140.xml=1,0,0;1,0,0;-1.0
tweets2721.xml=0,0,1;1,0,0;-1.0
tweets604.xml=1,0,0;0,0,1;-1.0
tweets1170.xml=0,0,1;0,0,1;-1.0
tweets733.xml=1,0,0;0,1,0;-1.0
tweets2484.xml=0,0,1;1,0,0;-1.0
tweets367.xml=1,0,0;1,0,0;-1.0
tweets1634.xml=0,0,1;1,0,0;-1.0
tweets1763.xml=0,1,0;0,0,1;-1.0
tweets496.xml=1,0,0;1,0,0;-1.0
tweets2102.xml=1,0,0;1,0,0;-1.0
tweets1397.xml=0,0,1;0,1,0;-1.0
tweets2231.xml=0,0,1;0,1,0;-1.0
tweets2360.xml=1,0,0;0,0,1;-1.0
tweets114.xml=1,0,0;1,0,0;-1.0
tweets1510.xml=0,1,0;1,0,0;-1.0
tweets243.xml=0,0,1;1,0,0;-1.0
tweets2824.xml=0,0,1;1,0,0;-1.0
tweets880.xml=0,0,1;0,1,0;-1.0
tweets707.xml=0,0,1;0,1,0;-1.0
tweets1144.xml=1,0,0;0,0,1;-1.0
tweets2458.xml=1,0,0;0,0,1;-1.0
tweets1273.xml=0,0,1;0,1,0;-1.0
tweets2587.xml=1,0,0;0,0,1;-1.0
tweets1608.xml=0,1,0;0,1,0;-1.0
tweets1737.xml=0,0,1;0,0,1;-1.0
tweets599.xml=0,0,1;0,0,1;-1.0
tweets2205.xml=1,0,0;1,0,0;-1.0
tweets2842.xml=1,0,0;1,0,0;-1.0
tweets1020.xml=1,0,0;0,0,1;-1.0
tweets390.xml=0,0,1;1,0,0;-1.0
tweets2334.xml=0,0,1;0,1,0;-1.0
tweets217.xml=1,0,0;1,0,0;-1.0
tweets854.xml=0,1,0;0,1,0;-1.0
tweets983.xml=0,0,1;0,0,1;-1.0
tweets2097.xml=1,0,0;1,0,0;-1.0
tweets1118.xml=0,0,1;0,1,0;-1.0
tweets1247.xml=1,0,0;0,0,1;-1.0
tweets1884.xml=0,0,1;0,0,1;-1.0
tweets601.xml=0,0,1;1,0,0;-1.0
tweets730.xml=0,0,1;0,0,1;-1.0
tweets2481.xml=1,0,0;1,0,0;-1.0
tweets364.xml=0,1,0;0,0,1;-1.0
tweets2308.xml=0,1,0;1,0,0;-1.0
tweets1631.xml=1,0,0;1,0,0;-1.0
tweets1760.xml=1,0,0;1,0,0;-1.0
tweets493.xml=1,0,0;1,0,0;-1.0
tweets828.xml=0,0,1;0,1,0;-1.0
tweets957.xml=0,1,0;0,1,0;-1.0
tweets1394.xml=0,1,0;1,0,0;-1.0
tweets1858.xml=1,0,0;0,0,1;-1.0
tweets111.xml=0,0,1;0,1,0;-1.0
tweets1987.xml=1,0,0;1,0,0;-1.0
tweets240.xml=0,0,1;1,0,0;-1.0
tweets2821.xml=0,1,0;0,1,0;-1.0
tweets704.xml=0,0,1;0,0,1;-1.0
tweets1141.xml=0,0,1;0,1,0;-1.0
tweets2455.xml=1,0,0;1,0,0;-1.0
tweets1270.xml=0,0,1;1,0,0;-1.0
tweets2584.xml=1,0,0;1,0,0;-1.0
tweets1605.xml=0,0,1;1,0,0;-1.0
tweets338.xml=0,1,0;0,0,1;-1.0
tweets467.xml=0,0,1;0,1,0;-1.0
tweets1734.xml=0,0,1;0,0,1;-1.0
tweets596.xml=0,0,1;1,0,0;-1.0
tweets1368.xml=0,0,1;0,0,1;-1.0
tweets2202.xml=0,0,1;1,0,0;-1.0
tweets1497.xml=0,0,1;1,0,0;-1.0
tweets2331.xml=0,0,1;0,0,1;-1.0
tweets214.xml=0,0,1;1,0,0;-1.0
tweets851.xml=1,0,0;0,0,1;-1.0
tweets2094.xml=0,0,1;1,0,0;-1.0
tweets980.xml=0,0,1;0,1,0;-1.0
tweets1115.xml=0,1,0;0,1,0;-1.0
tweets2429.xml=0,0,1;1,0,0;-1.0
tweets1244.xml=0,0,1;0,1,0;-1.0
tweets2558.xml=1,0,0;1,0,0;-1.0
tweets1881.xml=1,0,0;1,0,0;-1.0
tweets1708.xml=0,0,1;0,0,1;-1.0
tweets2305.xml=0,1,0;1,0,0;-1.0
tweets361.xml=1,0,0;0,1,0;-1.0
tweets490.xml=1,0,0;1,0,0;-1.0
tweets825.xml=0,1,0;0,1,0;-1.0
tweets317.xml=1,0,0;0,0,1;-1.0
tweets2068.xml=1,0,0;0,1,0;-1.0
tweets954.xml=0,0,1;0,0,1;-1.0
tweets1391.xml=0,0,1;0,1,0;-1.0
tweets1218.xml=0,1,0;0,1,0;-1.0
tweets1855.xml=1,0,0;1,0,0;-1.0
tweets1984.xml=1,0,0;0,1,0;-1.0
tweets701.xml=0,1,0;0,1,0;-1.0
tweets2452.xml=1,0,0;0,0,1;-1.0
tweets2581.xml=0,0,1;1,0,0;-1.0
tweets1602.xml=0,0,1;1,0,0;-1.0
tweets335.xml=0,0,1;0,0,1;-1.0
tweets464.xml=1,0,0;1,0,0;-1.0
tweets1731.xml=0,0,1;0,0,1;-1.0
tweets593.xml=0,1,0;0,1,0;-1.0
tweets1365.xml=0,1,0;0,1,0;-1.0
tweets928.xml=0,0,1;0,1,0;-1.0
tweets2679.xml=1,0,0;1,0,0;-1.0
tweets1494.xml=0,0,1;1,0,0;-1.0
tweets1829.xml=0,1,0;0,1,0;-1.0
tweets1958.xml=0,0,1;0,0,1;-1.0
tweets211.xml=0,0,1;1,0,0;-1.0
tweets2091.xml=1,0,0;1,0,0;-1.0
tweets1112.xml=0,0,1;0,1,0;-1.0
tweets2426.xml=0,0,1;1,0,0;-1.0
tweets1241.xml=0,1,0;0,1,0;-1.0
tweets2555.xml=0,0,1;1,0,0;-1.0
tweets1705.xml=1,0,0;0,1,0;-1.0
tweets438.xml=1,0,0;1,0,0;-1.0
tweets2189.xml=1,0,0;1,0,0;-1.0
tweets567.xml=1,0,0;1,0,0;-1.0
tweets1339.xml=1,0,0;1,0,0;-1.0
tweets1468.xml=0,0,1;0,0,1;-1.0
tweets2302.xml=0,0,1;1,0,0;-1.0
tweets822.xml=0,0,1;0,1,0;-1.0
tweets314.xml=1,0,0;0,0,1;-1.0
tweets2065.xml=1,0,0;1,0,0;-1.0
tweets951.xml=0,0,1;0,1,0;-1.0
tweets1215.xml=0,0,1;0,0,1;-1.0
tweets1852.xml=1,0,0;1,0,0;-1.0
tweets2529.xml=1,0,0;1,0,0;-1.0
tweets1981.xml=0,0,1;0,0,1;-1.0
tweets332.xml=0,1,0;0,0,1;-1.0
tweets2913.xml=1,0,0;1,0,0;-1.0
tweets461.xml=0,0,1;0,0,1;-1.0
tweets590.xml=0,0,1;1,0,0;-1.0
tweets925.xml=0,0,1;0,1,0;-1.0
tweets2039.xml=0,0,1;0,1,0;-1.0
tweets1362.xml=0,1,0;0,1,0;-1.0
tweets2676.xml=1,0,0;1,0,0;-1.0
tweets1491.xml=0,0,1;1,0,0;-1.0
tweets1826.xml=0,0,1;1,0,0;-1.0
tweets688.xml=0,1,0;1,0,0;-1.0
tweets1955.xml=1,0,0;0,1,0;-1.0
tweets1589.xml=0,0,1;1,0,0;-1.0
tweets2423.xml=1,0,0;1,0,0;-1.0
tweets2552.xml=1,0,0;1,0,0;-1.0
tweets1702.xml=0,1,0;0,0,1;-1.0
tweets435.xml=1,0,0;0,1,0;-1.0
tweets2186.xml=1,0,0;1,0,0;-1.0
tweets564.xml=0,0,1;1,0,0;-1.0
tweets1336.xml=0,0,1;0,0,1;-1.0
tweets198.xml=1,0,0;1,0,0;-1.0
tweets1465.xml=0,1,0;0,1,0;-1.0
tweets2779.xml=0,1,0;1,0,0;-1.0
tweets1929.xml=1,0,0;1,0,0;-1.0
tweets311.xml=1,0,0;1,0,0;-1.0
tweets2062.xml=1,0,0;0,0,1;-1.0
tweets1212.xml=1,0,0;0,1,0;-1.0
tweets2526.xml=1,0,0;1,0,0;-1.0
tweets409.xml=0,0,1;0,1,0;-1.0
tweets538.xml=0,0,1;1,0,0;-1.0
tweets2289.xml=1,0,0;1,0,0;-1.0
tweets1439.xml=0,0,1;0,0,1;-1.0
tweets1568.xml=0,0,1;1,0,0;-1.0
tweets2910.xml=1,0,0;1,0,0;-1.0
tweets922.xml=0,0,1;0,0,1;-1.0
tweets2036.xml=0,0,1;0,0,1;-1.0
tweets2673.xml=1,0,0;1,0,0;-1.0
tweets1823.xml=1,0,0;1,0,0;-1.0
tweets1952.xml=0,1,0;0,0,1;-1.0
tweets685.xml=0,0,1;0,0,1;-1.0
tweets1586.xml=1,0,0;1,0,0;-1.0
tweets1078.xml=0,0,1;0,0,1;-1.0
tweets2420.xml=0,0,1;1,0,0;-1.0
tweets432.xml=1,0,0;1,0,0;-1.0
tweets2183.xml=0,0,1;1,0,0;-1.0
tweets561.xml=0,1,0;1,0,0;-1.0
tweets1333.xml=0,0,1;0,0,1;-1.0
tweets2647.xml=1,0,0;1,0,0;-1.0
tweets195.xml=1,0,0;1,0,0;-1.0
tweets1462.xml=0,0,1;0,0,1;-1.0
tweets2776.xml=0,0,1;1,0,0;-1.0
tweets659.xml=0,0,1;0,0,1;-1.0
tweets1926.xml=1,0,0;1,0,0;-1.0
tweets788.xml=0,0,1;0,0,1;-1.0
tweets1689.xml=1,0,0;1,0,0;-1.0
tweets2523.xml=0,0,1;1,0,0;-1.0
tweets406.xml=1,0,0;0,1,0;-1.0
tweets2157.xml=1,0,0;1,0,0;-1.0
tweets535.xml=1,0,0;1,0,0;-1.0
tweets2286.xml=0,0,1;1,0,0;-1.0
tweets1307.xml=0,0,1;0,1,0;-1.0
tweets1436.xml=1,0,0;0,1,0;-1.0
tweets169.xml=1,0,0;1,0,0;-1.0
tweets1565.xml=0,1,0;1,0,0;-1.0
tweets298.xml=1,0,0;0,1,0;-1.0
tweets1199.xml=1,0,0;0,1,0;-1.0
tweets2033.xml=0,0,1;0,0,1;-1.0
tweets2670.xml=1,0,0;0,1,0;-1.0
tweets1820.xml=1,0,0;0,0,1;-1.0
tweets682.xml=0,1,0;0,1,0;-1.0
tweets509.xml=1,0,0;1,0,0;-1.0
tweets1583.xml=1,0,0;1,0,0;-1.0
tweets1075.xml=0,1,0;0,1,0;-1.0
tweets2897.xml=0,0,1;1,0,0;-1.0
tweets1539.xml=0,0,1;1,0,0;-1.0
tweets2180.xml=0,1,0;1,0,0;-1.0
tweets2007.xml=0,0,1;1,0,0;-1.0
tweets1330.xml=1,0,0;0,0,1;-1.0
tweets2644.xml=0,0,1;1,0,0;-1.0
tweets192.xml=0,0,1;1,0,0;-1.0
tweets2773.xml=1,0,0;0,0,1;-1.0
tweets1923.xml=0,1,0;0,0,1;-1.0
tweets656.xml=0,0,1;0,0,1;-1.0
tweets785.xml=0,0,1;0,1,0;-1.0
tweets1049.xml=0,0,1;1,0,0;-1.0
tweets1686.xml=0,0,1;0,0,1;-1.0
tweets2520.xml=1,0,0;1,0,0;-1.0
tweets403.xml=0,1,0;1,0,0;-1.0
tweets2154.xml=0,0,1;1,0,0;-1.0
tweets532.xml=1,0,0;1,0,0;-1.0
tweets2283.xml=1,0,0;1,0,0;-1.0
tweets1304.xml=0,0,1;0,1,0;-1.0
tweets2618.xml=0,1,0;0,1,0;-1.0
tweets1433.xml=1,0,0;0,1,0;-1.0
tweets166.xml=0,0,1;1,0,0;-1.0
tweets2747.xml=0,0,1;0,0,1;-1.0
tweets295.xml=0,0,1;1,0,0;-1.0
tweets1562.xml=0,0,1;1,0,0;-1.0
tweets759.xml=0,0,1;0,0,1;-1.0
tweets1196.xml=0,0,1;0,1,0;-1.0
tweets2030.xml=0,0,1;1,0,0;-1.0
tweets1789.xml=0,0,1;1,0,0;-1.0
tweets2128.xml=0,0,1;1,0,0;-1.0
tweets506.xml=0,0,1;1,0,0;-1.0
tweets1580.xml=1,0,0;1,0,0;-1.0
tweets2257.xml=0,0,1;0,1,0;-1.0
tweets2894.xml=1,0,0;1,0,0;-1.0
tweets1072.xml=0,1,0;0,1,0;-1.0
tweets1407.xml=1,0,0;1,0,0;-1.0
tweets1536.xml=0,0,1;1,0,0;-1.0
tweets269.xml=1,0,0;1,0,0;-1.0
tweets1299.xml=0,1,0;1,0,0;-1.0
tweets2004.xml=1,0,0;1,0,0;-1.0
tweets2641.xml=1,0,0;0,0,1;-1.0
tweets2770.xml=1,0,0;0,0,1;-1.0
tweets1920.xml=1,0,0;1,0,0;-1.0
tweets653.xml=0,0,1;0,0,1;-1.0
tweets782.xml=1,0,0;0,1,0;-1.0
tweets1046.xml=0,0,1;0,1,0;-1.0
tweets2868.xml=0,0,1;1,0,0;-1.0
tweets1683.xml=0,0,1;0,0,1;-1.0
tweets400.xml=1,0,0;1,0,0;-1.0
tweets2151.xml=1,0,0;1,0,0;-1.0
tweets2280.xml=0,1,0;1,0,0;-1.0
tweets1301.xml=1,0,0;0,1,0;-1.0
tweets2615.xml=0,1,0;0,0,1;-1.0
tweets1430.xml=0,0,1;0,0,1;-1.0
tweets163.xml=0,0,1;0,1,0;-1.0
tweets2744.xml=1,0,0;0,0,1;-1.0
tweets292.xml=0,0,1;1,0,0;-1.0
tweets627.xml=0,1,0;0,1,0;-1.0
tweets1193.xml=0,0,1;0,1,0;-1.0
tweets756.xml=0,0,1;0,0,1;-1.0
tweets1657.xml=1,0,0;1,0,0;-1.0
tweets1786.xml=0,0,1;0,0,1;-1.0
tweets2125.xml=0,1,0;1,0,0;-1.0
tweets503.xml=0,0,1;1,0,0;-1.0
tweets2254.xml=0,0,1;0,1,0;-1.0
tweets2891.xml=1,0,0;1,0,0;-1.0
tweets137.xml=0,0,1;0,0,1;-1.0
tweets1404.xml=1,0,0;1,0,0;-1.0
tweets2718.xml=1,0,0;1,0,0;-1.0
tweets1533.xml=1,0,0;1,0,0;-1.0
tweets266.xml=0,1,0;0,0,1;-1.0
tweets1167.xml=0,0,1;1,0,0;-1.0
tweets1296.xml=1,0,0;0,1,0;-1.0
tweets2001.xml=0,0,1;0,0,1;-1.0
tweets650.xml=0,0,1;0,0,1;-1.0
tweets2228.xml=1,0,0;1,0,0;-1.0
tweets2865.xml=1,0,0;1,0,0;-1.0
tweets1043.xml=0,0,1;0,1,0;-1.0
tweets1680.xml=1,0,0;1,0,0;-1.0
tweets2357.xml=1,0,0;0,0,1;-1.0
tweets1507.xml=1,0,0;1,0,0;-1.0
tweets877.xml=0,0,1;0,1,0;-1.0
tweets2612.xml=1,0,0;1,0,0;-1.0
tweets160.xml=0,0,1;0,1,0;-1.0
tweets2741.xml=0,0,1;0,0,1;-1.0
tweets624.xml=0,0,1;0,1,0;-1.0
tweets1190.xml=0,0,1;0,1,0;-1.0
tweets753.xml=0,0,1;0,0,1;-1.0
tweets2839.xml=0,0,1;1,0,0;-1.0
tweets1017.xml=0,0,1;0,1,0;-1.0
tweets387.xml=0,0,1;0,0,1;-1.0
tweets1654.xml=0,0,1;1,0,0;-1.0
tweets1783.xml=1,0,0;1,0,0;-1.0
tweets2122.xml=0,0,1;1,0,0;-1.0
tweets500.xml=1,0,0;1,0,0;-1.0
tweets2251.xml=1,0,0;0,0,1;-1.0
tweets134.xml=0,0,1;0,1,0;-1.0
tweets1401.xml=1,0,0;1,0,0;-1.0
tweets2715.xml=0,0,1;0,0,1;-1.0
tweets1530.xml=0,0,1;1,0,0;-1.0
tweets263.xml=1,0,0;1,0,0;-1.0
tweets727.xml=0,1,0;0,0,1;-1.0
tweets1164.xml=0,1,0;0,1,0;-1.0
tweets2478.xml=1,0,0;1,0,0;-1.0
tweets1293.xml=0,1,0;0,0,1;-1.0
tweets1628.xml=1,0,0;1,0,0;-1.0
tweets1757.xml=0,0,1;0,1,0;-1.0
tweets2225.xml=1,0,0;1,0,0;-1.0
tweets1040.xml=0,0,1;0,0,1;-1.0
tweets2862.xml=0,0,1;1,0,0;-1.0
tweets2354.xml=1,0,0;0,1,0;-1.0
tweets108.xml=0,1,0;0,1,0;-1.0
tweets237.xml=0,1,0;0,0,1;-1.0
tweets1504.xml=0,0,1;1,0,0;-1.0
tweets2818.xml=0,0,1;0,1,0;-1.0
tweets874.xml=0,0,1;0,1,0;-1.0
tweets1138.xml=0,0,1;0,0,1;-1.0
tweets1267.xml=0,0,1;0,1,0;-1.0
tweets621.xml=0,0,1;0,1,0;-1.0
tweets750.xml=0,0,1;0,1,0;-1.0
tweets1014.xml=0,1,0;0,1,0;-1.0
tweets2836.xml=1,0,0;1,0,0;-1.0
tweets2328.xml=0,0,1;1,0,0;-1.0
tweets1651.xml=0,0,1;1,0,0;-1.0
tweets384.xml=1,0,0;1,0,0;-1.0
tweets1780.xml=0,0,1;0,0,1;-1.0
tweets848.xml=0,1,0;0,1,0;-1.0
tweets977.xml=0,0,1;0,1,0;-1.0
tweets1878.xml=0,0,1;0,0,1;-1.0
tweets131.xml=1,0,0;1,0,0;-1.0
tweets2712.xml=0,0,1;0,0,1;-1.0
tweets260.xml=1,0,0;0,0,1;-1.0
tweets724.xml=0,1,0;0,0,1;-1.0
tweets1161.xml=1,0,0;0,1,0;-1.0
tweets2475.xml=1,0,0;0,0,1;-1.0
tweets1290.xml=0,0,1;1,0,0;-1.0
tweets1625.xml=1,0,0;1,0,0;-1.0
tweets358.xml=0,0,1;1,0,0;-1.0
tweets487.xml=0,1,0;0,1,0;-1.0
tweets1754.xml=0,0,1;1,0,0;-1.0
tweets1388.xml=1,0,0;0,1,0;-1.0
tweets2222.xml=1,0,0;1,0,0;-1.0
tweets2351.xml=0,0,1;0,1,0;-1.0
tweets105.xml=1,0,0;1,0,0;-1.0
tweets234.xml=1,0,0;1,0,0;-1.0
tweets1501.xml=0,0,1;1,0,0;-1.0
tweets2815.xml=1,0,0;1,0,0;-1.0
tweets871.xml=0,0,1;0,1,0;-1.0
tweets1135.xml=0,0,1;1,0,0;-1.0
tweets2449.xml=0,0,1;0,1,0;-1.0
tweets1264.xml=1,0,0;1,0,0;-1.0
tweets2578.xml=1,0,0;1,0,0;-1.0
tweets1728.xml=1,0,0;0,0,1;-1.0
tweets2833.xml=0,1,0;0,1,0;-1.0
tweets1011.xml=1,0,0;1,0,0;-1.0
tweets381.xml=0,0,1;1,0,0;-1.0
tweets2325.xml=0,0,1;0,1,0;-1.0
tweets208.xml=1,0,0;1,0,0;-1.0
tweets845.xml=0,1,0;0,1,0;-1.0
tweets2088.xml=0,1,0;1,0,0;-1.0
tweets974.xml=0,0,1;0,1,0;-1.0
tweets1109.xml=0,0,1;1,0,0;-1.0
tweets1238.xml=1,0,0;0,1,0;-1.0
tweets1875.xml=1,0,0;0,0,1;-1.0
tweets721.xml=0,1,0;0,1,0;-1.0
tweets2472.xml=0,0,1;0,1,0;-1.0
tweets1622.xml=1,0,0;1,0,0;-1.0
tweets355.xml=1,0,0;0,1,0;-1.0
tweets1751.xml=0,0,1;0,0,1;-1.0
tweets484.xml=1,0,0;0,0,1;-1.0
tweets819.xml=0,0,1;0,0,1;-1.0
tweets948.xml=1,0,0;1,0,0;-1.0
tweets1385.xml=0,1,0;0,1,0;-1.0
tweets2699.xml=0,0,1;0,1,0;-1.0
tweets1849.xml=0,0,1;0,0,1;-1.0
tweets102.xml=1,0,0;1,0,0;-1.0
tweets1978.xml=0,1,0;0,0,1;-1.0
tweets231.xml=0,0,1;1,0,0;-1.0
tweets2812.xml=1,0,0;0,1,0;-1.0
tweets1132.xml=0,0,1;0,0,1;-1.0
tweets2446.xml=0,0,1;0,0,1;-1.0
tweets1261.xml=0,0,1;0,0,1;-1.0
tweets2575.xml=1,0,0;1,0,0;-1.0
tweets329.xml=1,0,0;1,0,0;-1.0
tweets1725.xml=0,1,0;0,0,1;-1.0
tweets458.xml=1,0,0;1,0,0;-1.0
tweets587.xml=0,0,1;1,0,0;-1.0
tweets1359.xml=0,0,1;1,0,0;-1.0
tweets1488.xml=1,0,0;1,0,0;-1.0
tweets2830.xml=0,0,1;0,0,1;-1.0
tweets2322.xml=1,0,0;1,0,0;-1.0
tweets205.xml=0,0,1;1,0,0;-1.0
tweets842.xml=0,0,1;0,1,0;-1.0
tweets2085.xml=0,0,1;1,0,0;-1.0
tweets971.xml=1,0,0;0,1,0;-1.0
tweets1106.xml=0,0,1;0,1,0;-1.0
tweets1235.xml=0,0,1;1,0,0;-1.0
tweets2549.xml=1,0,0;1,0,0;-1.0
tweets1872.xml=0,1,0;1,0,0;-1.0
tweets352.xml=1,0,0;0,0,1;-1.0
tweets481.xml=1,0,0;1,0,0;-1.0
tweets816.xml=0,0,1;0,1,0;-1.0
tweets308.xml=0,0,1;0,1,0;-1.0
tweets945.xml=0,1,0;1,0,0;-1.0
tweets2059.xml=1,0,0;1,0,0;-1.0
tweets1382.xml=0,0,1;0,0,1;-1.0
tweets2696.xml=0,0,1;0,1,0;-1.0
tweets1209.xml=0,0,1;0,1,0;-1.0
tweets1846.xml=0,0,1;1,0,0;-1.0
tweets1975.xml=0,0,1;0,0,1;-1.0
tweets2443.xml=1,0,0;1,0,0;-1.0
tweets2572.xml=0,0,1;0,1,0;-1.0
tweets326.xml=1,0,0;1,0,0;-1.0
tweets2907.xml=1,0,0;1,0,0;-1.0
tweets455.xml=0,0,1;1,0,0;-1.0
tweets1722.xml=0,0,1;1,0,0;-1.0
tweets584.xml=0,0,1;1,0,0;-1.0
tweets919.xml=0,0,1;0,1,0;-1.0
tweets1356.xml=1,0,0;1,0,0;-1.0
tweets1485.xml=1,0,0;1,0,0;-1.0
tweets2799.xml=0,0,1;1,0,0;-1.0
tweets1949.xml=0,0,1;0,0,1;-1.0
tweets202.xml=0,0,1;0,1,0;-1.0
tweets2082.xml=1,0,0;1,0,0;-1.0
tweets1103.xml=0,0,1;0,1,0;-1.0
tweets2417.xml=0,0,1;0,1,0;-1.0
tweets1232.xml=0,0,1;0,1,0;-1.0
tweets2546.xml=0,0,1;1,0,0;-1.0
tweets429.xml=0,1,0;0,0,1;-1.0
tweets558.xml=0,0,1;1,0,0;-1.0
tweets1459.xml=1,0,0;1,0,0;-1.0
tweets813.xml=0,1,0;0,1,0;-1.0
tweets305.xml=1,0,0;0,0,1;-1.0
tweets942.xml=0,0,1;0,0,1;-1.0
tweets2056.xml=0,0,1;0,1,0;-1.0
tweets2693.xml=1,0,0;1,0,0;-1.0
tweets1206.xml=0,0,1;0,0,1;-1.0
tweets1843.xml=1,0,0;1,0,0;-1.0
tweets1972.xml=0,0,1;0,0,1;-1.0
tweets1098.xml=1,0,0;1,0,0;-1.0
tweets2440.xml=0,0,1;0,1,0;-1.0
tweets323.xml=0,0,1;0,0,1;-1.0
tweets2904.xml=1,0,0;1,0,0;-1.0
tweets452.xml=1,0,0;1,0,0;-1.0
tweets581.xml=0,1,0;0,1,0;-1.0
tweets916.xml=1,0,0;0,1,0;-1.0
tweets1353.xml=1,0,0;0,0,1;-1.0
tweets2667.xml=0,0,1;0,0,1;-1.0
tweets1482.xml=1,0,0;1,0,0;-1.0
tweets2796.xml=0,1,0;0,1,0;-1.0
tweets1817.xml=1,0,0;1,0,0;-1.0
tweets679.xml=0,0,1;0,0,1;-1.0
tweets1946.xml=1,0,0;1,0,0;-1.0
tweets1100.xml=0,1,0;1,0,0;-1.0
tweets2414.xml=1,0,0;1,0,0;-1.0
tweets2543.xml=0,0,1;0,0,1;-1.0
tweets426.xml=0,0,1;0,0,1;-1.0
tweets2177.xml=0,1,0;1,0,0;-1.0
tweets555.xml=1,0,0;1,0,0;-1.0
tweets1327.xml=1,0,0;1,0,0;-1.0
tweets1456.xml=1,0,0;0,1,0;-1.0
tweets189.xml=1,0,0;1,0,0;-1.0
tweets810.xml=0,0,1;0,1,0;-1.0
tweets302.xml=0,0,1;1,0,0;-1.0
tweets2053.xml=0,0,1;0,0,1;-1.0
tweets2690.xml=0,1,0;0,1,0;-1.0
tweets1203.xml=0,0,1;1,0,0;-1.0
tweets1840.xml=0,0,1;0,0,1;-1.0
tweets2517.xml=1,0,0;0,1,0;-1.0
tweets529.xml=1,0,0;1,0,0;-1.0
tweets1095.xml=1,0,0;1,0,0;-1.0
tweets320.xml=0,0,1;0,0,1;-1.0
tweets1559.xml=1,0,0;1,0,0;-1.0
tweets2901.xml=0,0,1;1,0,0;-1.0
tweets2027.xml=1,0,0;0,1,0;-1.0
tweets1350.xml=0,0,1;0,0,1;-1.0
tweets913.xml=0,0,1;0,0,1;-1.0
tweets2664.xml=1,0,0;1,0,0;-1.0
tweets2793.xml=0,1,0;1,0,0;-1.0
tweets1814.xml=0,0,1;0,0,1;-1.0
tweets1943.xml=0,0,1;0,1,0;-1.0
tweets676.xml=0,1,0;0,1,0;-1.0
tweets1577.xml=1,0,0;1,0,0;-1.0
tweets1069.xml=0,0,1;0,1,0;-1.0
tweets2411.xml=1,0,0;0,0,1;-1.0
tweets2540.xml=1,0,0;1,0,0;-1.0
tweets423.xml=1,0,0;1,0,0;-1.0
tweets2174.xml=1,0,0;1,0,0;-1.0
tweets552.xml=0,0,1;1,0,0;-1.0
tweets1324.xml=0,0,1;1,0,0;-1.0
tweets2638.xml=0,1,0;1,0,0;-1.0
tweets186.xml=1,0,0;0,0,1;-1.0
tweets1453.xml=0,0,1;0,0,1;-1.0
tweets2767.xml=0,0,1;0,0,1;-1.0
tweets1917.xml=0,0,1;0,0,1;-1.0
tweets779.xml=0,1,0;0,0,1;-1.0
tweets2050.xml=0,0,1;0,0,1;-1.0
tweets1200.xml=0,1,0;0,1,0;-1.0
tweets2514.xml=0,0,1;0,1,0;-1.0
tweets2148.xml=0,0,1;1,0,0;-1.0
tweets526.xml=0,0,1;1,0,0;-1.0
tweets2277.xml=1,0,0;1,0,0;-1.0
tweets1092.xml=1,0,0;0,0,1;-1.0
tweets1427.xml=0,1,0;0,1,0;-1.0
tweets1556.xml=0,0,1;1,0,0;-1.0
tweets289.xml=0,0,1;1,0,0;-1.0
tweets910.xml=1,0,0;0,0,1;-1.0
tweets2024.xml=1,0,0;1,0,0;-1.0
tweets2661.xml=1,0,0;0,0,1;-1.0
tweets2790.xml=0,0,1;0,0,1;-1.0
tweets1811.xml=0,0,1;1,0,0;-1.0
tweets673.xml=0,0,1;0,0,1;-1.0
tweets1940.xml=0,0,1;0,1,0;-1.0
tweets1574.xml=0,0,1;1,0,0;-1.0
tweets2888.xml=0,0,1;1,0,0;-1.0
tweets1066.xml=1,0,0;0,1,0;-1.0
tweets420.xml=1,0,0;1,0,0;-1.0
tweets2171.xml=0,0,1;1,0,0;-1.0
tweets1321.xml=0,0,1;1,0,0;-1.0
tweets2635.xml=0,0,1;1,0,0;-1.0
tweets1450.xml=1,0,0;1,0,0;-1.0
tweets183.xml=0,0,1;0,1,0;-1.0
tweets2764.xml=1,0,0;0,0,1;-1.0
tweets647.xml=0,0,1;0,0,1;-1.0
tweets1914.xml=0,0,1;0,0,1;-1.0
tweets2398.xml=0,0,1;1,0,0;-1.0
tweets776.xml=1,0,0;0,1,0;-1.0
tweets1677.xml=1,0,0;0,0,1;-1.0
tweets2511.xml=0,1,0;0,0,1;-1.0
tweets2145.xml=0,0,1;1,0,0;-1.0
tweets523.xml=0,1,0;1,0,0;-1.0
tweets2274.xml=0,0,1;1,0,0;-1.0
tweets2609.xml=0,0,1;0,0,1;-1.0
tweets1424.xml=0,0,1;0,0,1;-1.0
tweets157.xml=0,0,1;0,1,0;-1.0
tweets2738.xml=0,0,1;0,0,1;-1.0
tweets1553.xml=1,0,0;1,0,0;-1.0
tweets286.xml=1,0,0;0,0,1;-1.0
tweets1187.xml=1,0,0;0,0,1;-1.0
tweets2021.xml=1,0,0;0,1,0;-1.0
tweets670.xml=0,0,1;0,0,1;-1.0
tweets2119.xml=0,0,1;1,0,0;-1.0
tweets2248.xml=1,0,0;1,0,0;-1.0
tweets1571.xml=0,0,1;1,0,0;-1.0
tweets1063.xml=0,0,1;0,1,0;-1.0
tweets2885.xml=1,0,0;1,0,0;-1.0
tweets2377.xml=0,0,1;1,0,0;-1.0
tweets1527.xml=1,0,0;1,0,0;-1.0
tweets897.xml=0,0,1;0,1,0;-1.0
tweets2632.xml=1,0,0;1,0,0;-1.0
tweets180.xml=0,0,1;0,0,1;-1.0
tweets2761.xml=1,0,0;0,0,1;-1.0
tweets1911.xml=1,0,0;1,0,0;-1.0
tweets644.xml=1,0,0;0,0,1;-1.0
tweets2395.xml=0,0,1;0,0,1;-1.0
tweets773.xml=1,0,0;0,1,0;-1.0
tweets2859.xml=1,0,0;1,0,0;-1.0
tweets1037.xml=1,0,0;0,1,0;-1.0
tweets1674.xml=1,0,0;1,0,0;-1.0
tweets2142.xml=0,0,1;1,0,0;-1.0
tweets520.xml=0,0,1;1,0,0;-1.0
tweets2271.xml=0,0,1;1,0,0;-1.0
tweets2606.xml=0,0,1;0,0,1;-1.0
tweets1421.xml=0,1,0;0,0,1;-1.0
tweets154.xml=0,0,1;1,0,0;-1.0
tweets2735.xml=0,0,1;0,0,1;-1.0
tweets1550.xml=1,0,0;1,0,0;-1.0
tweets283.xml=0,0,1;1,0,0;-1.0
tweets618.xml=0,0,1;0,1,0;-1.0
tweets747.xml=0,1,0;0,0,1;-1.0
tweets1184.xml=0,0,1;0,1,0;-1.0
tweets2498.xml=0,0,1;0,0,1;-1.0
tweets1648.xml=1,0,0;0,1,0;-1.0
tweets1777.xml=0,0,1;0,0,1;-1.0
tweets2116.xml=0,0,1;1,0,0;-1.0
tweets2245.xml=1,0,0;0,0,1;-1.0
tweets1060.xml=0,0,1;1,0,0;-1.0
tweets2882.xml=0,0,1;1,0,0;-1.0
tweets2374.xml=1,0,0;1,0,0;-1.0
tweets128.xml=1,0,0;1,0,0;-1.0
tweets2709.xml=0,0,1;0,0,1;-1.0
tweets257.xml=0,0,1;0,0,1;-1.0
tweets1524.xml=1,0,0;1,0,0;-1.0
tweets894.xml=1,0,0;0,1,0;-1.0
tweets1158.xml=0,0,1;0,1,0;-1.0
tweets1287.xml=0,1,0;0,1,0;-1.0
tweets641.xml=1,0,0;0,0,1;-1.0
tweets2392.xml=1,0,0;0,1,0;-1.0
tweets770.xml=0,0,1;0,0,1;-1.0
tweets2219.xml=0,0,1;0,1,0;-1.0
tweets2856.xml=0,0,1;1,0,0;-1.0
tweets1034.xml=0,0,1;0,1,0;-1.0
tweets2348.xml=1,0,0;0,0,1;-1.0
tweets1671.xml=0,0,1;1,0,0;-1.0
tweets868.xml=0,0,1;0,0,1;-1.0
tweets997.xml=1,0,0;0,0,1;-1.0
tweets1898.xml=0,0,1;1,0,0;-1.0
tweets2603.xml=0,0,1;0,0,1;-1.0
tweets151.xml=0,0,1;0,1,0;-1.0
tweets2732.xml=0,0,1;1,0,0;-1.0
tweets280.xml=0,1,0;1,0,0;-1.0
tweets615.xml=0,0,1;0,1,0;-1.0
tweets744.xml=1,0,0;0,0,1;-1.0
tweets1181.xml=0,0,1;0,1,0;-1.0
tweets2495.xml=0,0,1;0,0,1;-1.0
tweets1008.xml=0,0,1;0,1,0;-1.0
tweets1645.xml=1,0,0;1,0,0;-1.0
tweets378.xml=0,0,1;0,0,1;-1.0
tweets1774.xml=1,0,0;1,0,0;-1.0
tweets2113.xml=0,0,1;1,0,0;-1.0
tweets2242.xml=1,0,0;1,0,0;-1.0
tweets2371.xml=0,0,1;0,0,1;-1.0
tweets125.xml=1,0,0;1,0,0;-1.0
tweets2706.xml=1,0,0;1,0,0;-1.0
tweets1521.xml=1,0,0;1,0,0;-1.0
tweets254.xml=0,1,0;0,1,0;-1.0
tweets891.xml=0,0,1;0,1,0;-1.0
tweets718.xml=0,0,1;0,1,0;-1.0
tweets1155.xml=1,0,0;1,0,0;-1.0
tweets2469.xml=1,0,0;1,0,0;-1.0
tweets1284.xml=1,0,0;1,0,0;-1.0
tweets2598.xml=1,0,0;0,1,0;-1.0
tweets1619.xml=0,0,1;1,0,0;-1.0
tweets1748.xml=0,1,0;0,1,0;-1.0
tweets2216.xml=0,0,1;0,1,0;-1.0
tweets1031.xml=0,0,1;0,1,0;-1.0
tweets2853.xml=0,0,1;1,0,0;-1.0
tweets2345.xml=0,0,1;0,1,0;-1.0
tweets228.xml=0,0,1;0,0,1;-1.0
tweets865.xml=1,0,0;0,1,0;-1.0
tweets2809.xml=0,0,1;0,1,0;-1.0
tweets994.xml=0,0,1;0,0,1;-1.0
tweets1129.xml=0,1,0;1,0,0;-1.0
tweets1258.xml=0,0,1;0,1,0;-1.0
tweets1895.xml=0,1,0;0,1,0;-1.0
tweets2600.xml=1,0,0;1,0,0;-1.0
tweets612.xml=0,0,1;1,0,0;-1.0
tweets741.xml=0,0,1;0,1,0;-1.0
tweets2492.xml=1,0,0;1,0,0;-1.0
tweets1005.xml=0,1,0;0,1,0;-1.0
tweets375.xml=0,1,0;0,1,0;-1.0
tweets2319.xml=1,0,0;1,0,0;-1.0
tweets1642.xml=0,0,1;1,0,0;-1.0
tweets1771.xml=0,0,1;1,0,0;-1.0
tweets839.xml=0,0,1;0,0,1;-1.0
tweets2110.xml=0,0,1;1,0,0;-1.0
tweets968.xml=0,0,1;0,1,0;-1.0
tweets1869.xml=0,0,1;0,0,1;-1.0
tweets122.xml=0,1,0;0,1,0;-1.0
tweets2703.xml=0,0,1;1,0,0;-1.0
tweets1998.xml=1,0,0;1,0,0;-1.0
tweets251.xml=0,0,1;0,0,1;-1.0
tweets715.xml=0,1,0;0,1,0;-1.0
tweets1152.xml=0,0,1;0,0,1;-1.0
tweets2466.xml=1,0,0;1,0,0;-1.0
tweets1281.xml=0,0,1;0,1,0;-1.0
tweets2595.xml=0,0,1;1,0,0;-1.0
tweets1616.xml=0,0,1;0,0,1;-1.0
tweets349.xml=1,0,0;0,1,0;-1.0
tweets1745.xml=1,0,0;0,0,1;-1.0
tweets478.xml=1,0,0;1,0,0;-1.0
tweets1379.xml=0,0,1;0,1,0;-1.0
tweets2213.xml=0,1,0;0,0,1;-1.0
tweets2850.xml=0,0,1;1,0,0;-1.0
tweets2342.xml=0,0,1;1,0,0;-1.0
tweets225.xml=1,0,0;0,0,1;-1.0
tweets862.xml=0,1,0;0,1,0;-1.0
tweets2806.xml=0,0,1;0,0,1;-1.0
tweets991.xml=0,0,1;0,0,1;-1.0
tweets1126.xml=0,0,1;0,1,0;-1.0
tweets1255.xml=0,1,0;0,1,0;-1.0
tweets2569.xml=0,0,1;1,0,0;-1.0
tweets1892.xml=0,0,1;0,1,0;-1.0
tweets1719.xml=1,0,0;1,0,0;-1.0
tweets1002.xml=0,0,1;0,1,0;-1.0
tweets372.xml=0,0,1;1,0,0;-1.0
tweets2316.xml=1,0,0;0,0,1;-1.0
tweets836.xml=0,0,1;0,0,1;-1.0
tweets2079.xml=0,1,0;0,1,0;-1.0
tweets965.xml=0,1,0;0,0,1;-1.0
tweets1229.xml=0,0,1;0,1,0;-1.0
tweets1866.xml=0,0,1;0,0,1;-1.0
tweets2700.xml=0,0,1;1,0,0;-1.0
tweets1995.xml=0,0,1;1,0,0;-1.0
tweets712.xml=0,0,1;0,0,1;-1.0
tweets2463.xml=0,1,0;0,1,0;-1.0
tweets2592.xml=1,0,0;0,1,0;-1.0
tweets1613.xml=1,0,0;1,0,0;-1.0
tweets346.xml=0,0,1;1,0,0;-1.0
tweets475.xml=1,0,0;1,0,0;-1.0
tweets1742.xml=1,0,0;0,0,1;-1.0
tweets1376.xml=0,0,1;0,1,0;-1.0
tweets939.xml=0,0,1;0,1,0;-1.0
tweets2210.xml=0,0,1;0,1,0;-1.0
tweets1969.xml=0,0,1;0,0,1;-1.0
tweets222.xml=1,0,0;1,0,0;-1.0
tweets2803.xml=1,0,0;0,1,0;-1.0
tweets1123.xml=0,1,0;1,0,0;-1.0
tweets2437.xml=0,0,1;0,0,1;-1.0
tweets1252.xml=1,0,0;1,0,0;-1.0
tweets2566.xml=1,0,0;1,0,0;-1.0
tweets1716.xml=1,0,0;0,1,0;-1.0
tweets449.xml=0,0,1;0,0,1;-1.0
tweets578.xml=1,0,0;1,0,0;-1.0
tweets1479.xml=0,0,1;1,0,0;-1.0
tweets2313.xml=0,1,0;1,0,0;-1.0
tweets833.xml=0,0,1;0,1,0;-1.0
tweets962.xml=0,0,1;0,0,1;-1.0
tweets2076.xml=1,0,0;0,1,0;-1.0
tweets1226.xml=1,0,0;0,1,0;-1.0
tweets1863.xml=0,0,1;0,0,1;-1.0
tweets1992.xml=0,0,1;0,0,1;-1.0
tweets2460.xml=1,0,0;1,0,0;-1.0
tweets1610.xml=0,1,0;0,1,0;-1.0
tweets343.xml=0,0,1;1,0,0;-1.0
tweets472.xml=1,0,0;1,0,0;-1.0
tweets807.xml=0,0,1;0,0,1;-1.0
tweets1373.xml=0,1,0;0,1,0;-1.0
tweets936.xml=1,0,0;0,1,0;-1.0
tweets2687.xml=0,0,1;1,0,0;-1.0
tweets1837.xml=0,1,0;0,1,0;-1.0
tweets1966.xml=0,0,1;0,1,0;-1.0
tweets699.xml=1,0,0;0,1,0;-1.0
tweets2800.xml=0,0,1;1,0,0;-1.0
tweets1120.xml=0,0,1;0,1,0;-1.0
tweets2434.xml=0,0,1;0,0,1;-1.0
tweets2563.xml=0,0,1;1,0,0;-1.0
tweets1713.xml=0,0,1;0,0,1;-1.0
tweets446.xml=1,0,0;1,0,0;-1.0
tweets2197.xml=0,1,0;1,0,0;-1.0
tweets575.xml=1,0,0;1,0,0;-1.0
tweets1347.xml=0,0,1;0,0,1;-1.0
tweets1476.xml=0,1,0;1,0,0;-1.0
tweets2310.xml=0,0,1;1,0,0;-1.0
tweets830.xml=0,0,1;0,0,1;-1.0
tweets2073.xml=0,1,0;0,1,0;-1.0
tweets2408.xml=0,0,1;0,0,1;-1.0
tweets1223.xml=1,0,0;0,1,0;-1.0
tweets2537.xml=0,0,1;1,0,0;-1.0
tweets1860.xml=1,0,0;1,0,0;-1.0
tweets549.xml=0,0,1;1,0,0;-1.0
tweets340.xml=0,0,1;0,0,1;-1.0
tweets804.xml=0,1,0;0,1,0;-1.0
tweets933.xml=0,0,1;0,1,0;-1.0
tweets2047.xml=0,1,0;1,0,0;-1.0
tweets1370.xml=0,0,1;0,0,1;-1.0
tweets2684.xml=0,0,1;0,0,1;-1.0
tweets1834.xml=1,0,0;1,0,0;-1.0
tweets1963.xml=0,0,1;0,1,0;-1.0
tweets696.xml=0,0,1;0,0,1;-1.0
tweets1597.xml=1,0,0;1,0,0;-1.0
tweets1089.xml=0,0,1;0,1,0;-1.0
tweets2431.xml=0,0,1;0,0,1;-1.0
tweets2560.xml=1,0,0;1,0,0;-1.0
tweets1710.xml=0,0,1;0,1,0;-1.0
tweets443.xml=1,0,0;0,0,1;-1.0
tweets2194.xml=0,0,1;1,0,0;-1.0
tweets572.xml=0,1,0;1,0,0;-1.0
tweets907.xml=1,0,0;0,0,1;-1.0
tweets1344.xml=0,0,1;1,0,0;-1.0
tweets2658.xml=0,0,1;0,0,1;-1.0
tweets1473.xml=0,0,1;1,0,0;-1.0
tweets2787.xml=1,0,0;1,0,0;-1.0
tweets1808.xml=1,0,0;1,0,0;-1.0
tweets1937.xml=1,0,0;0,0,1;-1.0
tweets799.xml=0,0,1;0,0,1;-1.0
tweets2070.xml=0,0,1;1,0,0;-1.0
tweets2405.xml=0,0,1;1,0,0;-1.0
tweets1220.xml=0,1,0;0,1,0;-1.0
tweets2534.xml=1,0,0;1,0,0;-1.0
tweets417.xml=1,0,0;0,1,0;-1.0
tweets2168.xml=0,0,1;1,0,0;-1.0
tweets546.xml=1,0,0;1,0,0;-1.0
tweets2297.xml=0,0,1;1,0,0;-1.0
tweets1318.xml=0,0,1;0,0,1;-1.0
tweets1447.xml=1,0,0;0,1,0;-1.0
tweets801.xml=0,1,0;0,1,0;-1.0
tweets930.xml=0,1,0;0,1,0;-1.0
tweets2044.xml=0,0,1;0,0,1;-1.0
tweets2681.xml=1,0,0;0,0,1;-1.0
tweets2508.xml=0,0,1;0,0,1;-1.0
tweets1831.xml=1,0,0;0,1,0;-1.0
tweets1960.xml=1,0,0;0,0,1;-1.0
tweets693.xml=1,0,0;1,0,0;-1.0
tweets1594.xml=0,0,1;1,0,0;-1.0
tweets1086.xml=1,0,0;1,0,0;-1.0
tweets440.xml=0,0,1;1,0,0;-1.0
tweets2191.xml=0,0,1;1,0,0;-1.0
tweets904.xml=0,0,1;1,0,0;-1.0
tweets2018.xml=0,0,1;1,0,0;-1.0
tweets1341.xml=0,0,1;1,0,0;-1.0
tweets2655.xml=0,0,1;1,0,0;-1.0
tweets1470.xml=0,0,1;1,0,0;-1.0
tweets2784.xml=0,0,1;0,0,1;-1.0
tweets1805.xml=0,0,1;1,0,0;-1.0
tweets667.xml=0,0,1;0,1,0;-1.0
tweets1934.xml=0,0,1;0,0,1;-1.0
tweets796.xml=1,0,0;0,1,0;-1.0
tweets1697.xml=0,0,1;0,0,1;-1.0
tweets2402.xml=0,0,1;1,0,0;-1.0
tweets2531.xml=1,0,0;1,0,0;-1.0
tweets414.xml=1,0,0;0,0,1;-1.0
tweets2165.xml=0,1,0;1,0,0;-1.0
tweets543.xml=1,0,0;1,0,0;-1.0
tweets2294.xml=1,0,0;1,0,0;-1.0
tweets1315.xml=1,0,0;1,0,0;-1.0
tweets2629.xml=0,0,1;1,0,0;-1.0
tweets1444.xml=0,0,1;0,0,1;-1.0
tweets177.xml=0,0,1;0,0,1;-1.0
tweets2758.xml=1,0,0;1,0,0;-1.0
tweets1908.xml=1,0,0;0,0,1;-1.0
tweets2041.xml=0,0,1;1,0,0;-1.0
tweets2505.xml=0,0,1;0,0,1;-1.0
tweets690.xml=0,0,1;0,1,0;-1.0
tweets2139.xml=1,0,0;1,0,0;-1.0
tweets517.xml=0,0,1;1,0,0;-1.0
tweets2268.xml=0,0,1;1,0,0;-1.0
tweets1591.xml=1,0,0;1,0,0;-1.0
tweets1083.xml=0,1,0;0,1,0;-1.0
tweets1418.xml=0,0,1;0,0,1;-1.0
tweets1547.xml=1,0,0;1,0,0;-1.0
tweets2015.xml=0,0,1;0,0,1;-1.0
tweets901.xml=0,0,1;0,1,0;-1.0
tweets2652.xml=1,0,0;0,0,1;-1.0
tweets2781.xml=0,0,1;0,0,1;-1.0
tweets1802.xml=0,0,1;0,0,1;-1.0
tweets1931.xml=0,0,1;0,1,0;-1.0
tweets664.xml=0,1,0;0,0,1;-1.0
tweets793.xml=0,0,1;0,0,1;-1.0
tweets2879.xml=1,0,0;1,0,0;-1.0
tweets1057.xml=0,0,1;1,0,0;-1.0
tweets1694.xml=1,0,0;0,0,1;-1.0
tweets411.xml=1,0,0;0,1,0;-1.0
tweets2162.xml=0,0,1;1,0,0;-1.0
tweets540.xml=0,0,1;1,0,0;-1.0
tweets2291.xml=1,0,0;1,0,0;-1.0
tweets1312.xml=1,0,0;0,1,0;-1.0
tweets2626.xml=0,0,1;1,0,0;-1.0
tweets1441.xml=0,0,1;1,0,0;-1.0
tweets174.xml=0,0,1;1,0,0;-1.0
tweets2755.xml=0,0,1;1,0,0;-1.0
tweets638.xml=0,0,1;0,1,0;-1.0
tweets1905.xml=1,0,0;1,0,0;-1.0
tweets2389.xml=1,0,0;1,0,0;-1.0
tweets767.xml=0,0,1;0,0,1;-1.0
tweets1668.xml=0,0,1;1,0,0;-1.0
tweets1797.xml=0,0,1;1,0,0;-1.0
tweets2502.xml=0,0,1;0,0,1;-1.0
tweets2136.xml=1,0,0;1,0,0;-1.0
tweets514.xml=1,0,0;1,0,0;-1.0
tweets2265.xml=1,0,0;1,0,0;-1.0
tweets1080.xml=0,0,1;0,0,1;-1.0
tweets1415.xml=1,0,0;0,0,1;-1.0
tweets148.xml=0,1,0;0,0,1;-1.0
tweets2729.xml=0,0,1;1,0,0;-1.0
tweets1544.xml=1,0,0;1,0,0;-1.0
tweets277.xml=0,0,1;0,1,0;-1.0
tweets1178.xml=0,0,1;1,0,0;-1.0
tweets2012.xml=0,1,0;1,0,0;-1.0
tweets661.xml=0,1,0;0,1,0;-1.0
tweets790.xml=0,0,1;0,0,1;-1.0
tweets2239.xml=1,0,0;0,1,0;-1.0
tweets2876.xml=0,0,1;1,0,0;-1.0
tweets1054.xml=0,1,0;1,0,0;-1.0
tweets1691.xml=1,0,0;0,1,0;-1.0
tweets2368.xml=1,0,0;0,1,0;-1.0
tweets1518.xml=1,0,0;1,0,0;-1.0
tweets888.xml=0,1,0;0,1,0;-1.0
tweets2623.xml=0,0,1;0,0,1;-1.0
tweets171.xml=1,0,0;0,1,0;-1.0
tweets2752.xml=1,0,0;1,0,0;-1.0
tweets635.xml=0,0,1;0,1,0;-1.0
tweets1902.xml=0,1,0;0,1,0;-1.0
tweets2386.xml=0,0,1;0,0,1;-1.0
tweets764.xml=0,1,0;0,1,0;-1.0
tweets1028.xml=1,0,0;0,1,0;-1.0
tweets398.xml=1,0,0;1,0,0;-1.0
tweets1665.xml=0,0,1;1,0,0;-1.0
tweets1794.xml=0,0,1;1,0,0;-1.0
tweets2133.xml=1,0,0;1,0,0;-1.0
tweets511.xml=0,0,1;1,0,0;-1.0
tweets2262.xml=0,0,1;1,0,0;-1.0
tweets145.xml=0,0,1;1,0,0;-1.0
tweets1412.xml=0,1,0;0,1,0;-1.0
tweets2726.xml=0,0,1;1,0,0;-1.0
tweets1541.xml=1,0,0;1,0,0;-1.0
tweets274.xml=1,0,0;0,0,1;-1.0
tweets609.xml=0,0,1;1,0,0;-1.0
tweets738.xml=1,0,0;0,0,1;-1.0
tweets1175.xml=1,0,0;0,0,1;-1.0
tweets2489.xml=0,0,1;1,0,0;-1.0
tweets1639.xml=0,0,1;0,0,1;-1.0
tweets1768.xml=1,0,0;1,0,0;-1.0
tweets2107.xml=0,1,0;1,0,0;-1.0
tweets2236.xml=1,0,0;1,0,0;-1.0
tweets2873.xml=0,0,1;1,0,0;-1.0
tweets1051.xml=0,0,1;0,1,0;-1.0
tweets2365.xml=0,1,0;0,0,1;-1.0
tweets119.xml=0,1,0;0,1,0;-1.0
tweets1515.xml=0,0,1;1,0,0;-1.0
tweets248.xml=0,0,1;0,0,1;-1.0
tweets885.xml=0,0,1;0,1,0;-1.0
tweets2829.xml=1,0,0;0,1,0;-1.0
tweets1149.xml=0,0,1;0,0,1;-1.0
tweets1278.xml=0,0,1;0,1,0;-1.0
tweets2620.xml=0,0,1;1,0,0;-1.0
tweets632.xml=0,0,1;0,0,1;-1.0
tweets2383.xml=1,0,0;1,0,0;-1.0
tweets761.xml=0,0,1;0,1,0;-1.0
tweets2847.xml=0,0,1;1,0,0;-1.0
tweets1025.xml=0,0,1;0,1,0;-1.0
tweets395.xml=0,1,0;0,1,0;-1.0
tweets2339.xml=0,0,1;0,1,0;-1.0
tweets1662.xml=0,0,1;1,0,0;-1.0
tweets1791.xml=0,1,0;0,1,0;-1.0
tweets859.xml=0,0,1;0,1,0;-1.0
tweets988.xml=0,1,0;0,0,1;-1.0
tweets2130.xml=0,0,1;1,0,0;-1.0
tweets1889.xml=0,0,1;0,0,1;-1.0
tweets142.xml=0,0,1;1,0,0;-1.0
tweets2723.xml=1,0,0;0,0,1;-1.0
tweets271.xml=1,0,0;1,0,0;-1.0
tweets606.xml=1,0,0;1,0,0;-1.0
tweets735.xml=0,1,0;0,1,0;-1.0
tweets1172.xml=0,0,1;0,1,0;-1.0
tweets2486.xml=0,0,1;1,0,0;-1.0
tweets1636.xml=0,1,0;0,0,1;-1.0
tweets369.xml=0,0,1;0,0,1;-1.0
tweets1765.xml=1,0,0;1,0,0;-1.0
tweets498.xml=1,0,0;1,0,0;-1.0
tweets1399.xml=1,0,0;1,0,0;-1.0
tweets2104.xml=1,0,0;1,0,0;-1.0
tweets2233.xml=0,1,0;1,0,0;-1.0
tweets2870.xml=1,0,0;1,0,0;-1.0
tweets2362.xml=0,0,1;0,0,1;-1.0
tweets116.xml=1,0,0;1,0,0;-1.0
tweets245.xml=0,0,1;0,1,0;-1.0
tweets1512.xml=0,0,1;1,0,0;-1.0
tweets2826.xml=0,0,1;0,0,1;-1.0
tweets882.xml=0,0,1;0,1,0;-1.0
tweets1146.xml=1,0,0;0,0,1;-1.0
tweets709.xml=1,0,0;0,0,1;-1.0
tweets1275.xml=0,0,1;0,1,0;-1.0
tweets2589.xml=0,0,1;0,0,1;-1.0
tweets1739.xml=0,0,1;1,0,0;-1.0
tweets2380.xml=1,0,0;1,0,0;-1.0
tweets2207.xml=1,0,0;1,0,0;-1.0
tweets2844.xml=0,0,1;1,0,0;-1.0
tweets1022.xml=1,0,0;1,0,0;-1.0
tweets2336.xml=1,0,0;0,1,0;-1.0
tweets392.xml=0,1,0;1,0,0;-1.0
tweets219.xml=1,0,0;0,1,0;-1.0
tweets856.xml=1,0,0;0,1,0;-1.0
tweets985.xml=0,0,1;0,0,1;-1.0
tweets2099.xml=0,0,1;1,0,0;-1.0
tweets1249.xml=1,0,0;1,0,0;-1.0
tweets1886.xml=1,0,0;0,0,1;-1.0
tweets2720.xml=0,0,1;0,1,0;-1.0
tweets603.xml=0,1,0;0,0,1;-1.0
tweets732.xml=0,1,0;0,1,0;-1.0
tweets2483.xml=0,0,1;1,0,0;-1.0
tweets1633.xml=0,0,1;0,0,1;-1.0
tweets366.xml=0,0,1;0,0,1;-1.0
tweets495.xml=0,0,1;1,0,0;-1.0
tweets1762.xml=0,1,0;0,0,1;-1.0
tweets1396.xml=1,0,0;1,0,0;-1.0
tweets2101.xml=0,0,1;1,0,0;-1.0
tweets959.xml=1,0,0;0,0,1;-1.0
tweets2230.xml=1,0,0;1,0,0;-1.0
tweets113.xml=1,0,0;1,0,0;-1.0
tweets1989.xml=0,0,1;1,0,0;-1.0
tweets242.xml=0,0,1;0,1,0;-1.0
tweets2823.xml=0,0,1;0,0,1;-1.0
tweets1143.xml=0,1,0;1,0,0;-1.0
tweets706.xml=0,0,1;0,0,1;-1.0
tweets2457.xml=0,0,1;0,0,1;-1.0
tweets1272.xml=0,0,1;0,1,0;-1.0
tweets2586.xml=0,0,1;0,1,0;-1.0
tweets1607.xml=0,1,0;0,1,0;-1.0
tweets1736.xml=0,0,1;1,0,0;-1.0
tweets469.xml=1,0,0;1,0,0;-1.0
tweets598.xml=0,0,1;0,1,0;-1.0
tweets1499.xml=1,0,0;1,0,0;-1.0
tweets2204.xml=1,0,0;1,0,0;-1.0
tweets2841.xml=0,0,1;1,0,0;-1.0
tweets2333.xml=0,0,1;0,0,1;-1.0
tweets216.xml=1,0,0;1,0,0;-1.0
tweets853.xml=0,0,1;0,1,0;-1.0
tweets2096.xml=0,0,1;1,0,0;-1.0
tweets982.xml=0,1,0;0,1,0;-1.0
tweets1117.xml=0,0,1;1,0,0;-1.0
tweets1246.xml=0,1,0;0,1,0;-1.0
tweets1883.xml=0,1,0;0,0,1;-1.0
tweets600.xml=0,0,1;0,0,1;-1.0
tweets2480.xml=0,1,0;1,0,0;-1.0
tweets1630.xml=0,0,1;0,0,1;-1.0
tweets363.xml=0,0,1;0,0,1;-1.0
tweets2307.xml=1,0,0;1,0,0;-1.0
tweets492.xml=0,0,1;1,0,0;-1.0
tweets827.xml=0,1,0;0,1,0;-1.0
tweets956.xml=0,0,1;0,1,0;-1.0
tweets1393.xml=0,0,1;0,1,0;-1.0
tweets1857.xml=0,0,1;0,1,0;-1.0
tweets110.xml=1,0,0;0,0,1;-1.0
tweets1986.xml=1,0,0;1,0,0;-1.0
tweets2820.xml=0,0,1;1,0,0;-1.0
tweets703.xml=0,0,1;0,1,0;-1.0
tweets1140.xml=1,0,0;1,0,0;-1.0
tweets2454.xml=0,0,1;0,0,1;-1.0
tweets2583.xml=0,0,1;1,0,0;-1.0
tweets1604.xml=0,0,1;1,0,0;-1.0
tweets337.xml=0,0,1;0,0,1;-1.0
tweets1733.xml=1,0,0;0,0,1;-1.0
tweets466.xml=0,0,1;0,0,1;-1.0
tweets595.xml=0,0,1;0,0,1;-1.0
tweets1367.xml=0,1,0;0,1,0;-1.0
tweets1496.xml=1,0,0;1,0,0;-1.0
tweets2201.xml=0,0,1;1,0,0;-1.0
tweets2330.xml=0,0,1;1,0,0;-1.0
tweets213.xml=0,0,1;0,0,1;-1.0
tweets850.xml=0,0,1;0,0,1;-1.0
tweets2093.xml=1,0,0;1,0,0;-1.0
tweets1114.xml=1,0,0;1,0,0;-1.0
tweets2428.xml=1,0,0;0,0,1;-1.0
tweets1243.xml=0,1,0;0,1,0;-1.0
tweets2557.xml=0,1,0;0,0,1;-1.0
tweets1880.xml=1,0,0;1,0,0;-1.0
tweets1707.xml=0,1,0;0,1,0;-1.0
tweets569.xml=1,0,0;1,0,0;-1.0
tweets360.xml=1,0,0;1,0,0;-1.0
tweets2304.xml=1,0,0;1,0,0;-1.0
tweets824.xml=0,0,1;0,0,1;-1.0
tweets316.xml=0,0,1;0,0,1;-1.0
tweets953.xml=0,0,1;1,0,0;-1.0
tweets2067.xml=0,0,1;0,1,0;-1.0
tweets1390.xml=0,0,1;0,1,0;-1.0
tweets1217.xml=1,0,0;1,0,0;-1.0
tweets1854.xml=1,0,0;0,0,1;-1.0
tweets1983.xml=0,0,1;0,0,1;-1.0
tweets700.xml=0,1,0;0,0,1;-1.0
tweets2451.xml=1,0,0;1,0,0;-1.0
tweets2580.xml=1,0,0;1,0,0;-1.0
tweets1601.xml=1,0,0;1,0,0;-1.0
tweets334.xml=0,1,0;0,1,0;-1.0
tweets1730.xml=1,0,0;1,0,0;-1.0
tweets463.xml=0,1,0;0,1,0;-1.0
tweets592.xml=1,0,0;1,0,0;-1.0
tweets1364.xml=0,0,1;0,0,1;-1.0
tweets927.xml=0,0,1;0,1,0;-1.0
tweets2678.xml=0,0,1;1,0,0;-1.0
tweets1493.xml=1,0,0;1,0,0;-1.0
tweets1828.xml=0,1,0;0,1,0;-1.0
tweets1957.xml=0,0,1;0,0,1;-1.0
tweets210.xml=1,0,0;0,1,0;-1.0
tweets2090.xml=0,1,0;1,0,0;-1.0
tweets1111.xml=0,0,1;0,0,1;-1.0
tweets2425.xml=0,0,1;0,0,1;-1.0
tweets1240.xml=0,1,0;0,1,0;-1.0
tweets2554.xml=1,0,0;1,0,0;-1.0
tweets437.xml=1,0,0;0,1,0;-1.0
tweets1704.xml=0,0,1;1,0,0;-1.0
tweets2188.xml=0,0,1;1,0,0;-1.0
tweets566.xml=0,0,1;1,0,0;-1.0
tweets1338.xml=1,0,0;0,0,1;-1.0
tweets1467.xml=0,0,1;1,0,0;-1.0
tweets2301.xml=0,0,1;1,0,0;-1.0
tweets821.xml=0,0,1;0,1,0;-1.0
tweets313.xml=0,0,1;1,0,0;-1.0
tweets950.xml=0,0,1;0,1,0;-1.0
tweets2064.xml=1,0,0;1,0,0;-1.0
tweets1214.xml=0,0,1;0,1,0;-1.0
tweets2528.xml=1,0,0;1,0,0;-1.0
tweets1851.xml=0,0,1;0,0,1;-1.0
tweets1980.xml=1,0,0;0,1,0;-1.0
tweets331.xml=0,1,0;0,0,1;-1.0
tweets2912.xml=0,0,1;1,0,0;-1.0
tweets460.xml=1,0,0;0,0,1;-1.0
tweets924.xml=0,0,1;0,1,0;-1.0
tweets2038.xml=1,0,0;0,1,0;-1.0
tweets1361.xml=1,0,0;1,0,0;-1.0
tweets2675.xml=0,1,0;1,0,0;-1.0
tweets1490.xml=1,0,0;1,0,0;-1.0
tweets1825.xml=0,0,1;0,1,0;-1.0
tweets1954.xml=0,0,1;0,0,1;-1.0
tweets687.xml=0,0,1;0,0,1;-1.0
tweets1588.xml=1,0,0;1,0,0;-1.0
tweets2422.xml=1,0,0;1,0,0;-1.0
tweets2551.xml=1,0,0;1,0,0;-1.0
tweets434.xml=0,0,1;0,0,1;-1.0
tweets1701.xml=1,0,0;1,0,0;-1.0
tweets2185.xml=0,1,0;1,0,0;-1.0
tweets563.xml=1,0,0;1,0,0;-1.0
tweets1335.xml=0,0,1;0,0,1;-1.0
tweets2649.xml=1,0,0;1,0,0;-1.0
tweets197.xml=0,1,0;0,1,0;-1.0
tweets1464.xml=1,0,0;0,0,1;-1.0
tweets2778.xml=1,0,0;1,0,0;-1.0
tweets1928.xml=0,0,1;1,0,0;-1.0
tweets310.xml=1,0,0;0,0,1;-1.0
tweets2061.xml=1,0,0;1,0,0;-1.0
tweets1211.xml=0,0,1;0,0,1;-1.0
tweets2525.xml=0,1,0;1,0,0;-1.0
tweets408.xml=1,0,0;1,0,0;-1.0
tweets2159.xml=0,0,1;1,0,0;-1.0
tweets537.xml=1,0,0;1,0,0;-1.0
tweets2288.xml=0,0,1;1,0,0;-1.0
tweets1309.xml=0,0,1;0,1,0;-1.0
tweets1438.xml=1,0,0;1,0,0;-1.0
tweets1567.xml=0,1,0;1,0,0;-1.0
tweets921.xml=1,0,0;0,0,1;-1.0
tweets2035.xml=1,0,0;0,0,1;-1.0
tweets2672.xml=1,0,0;0,0,1;-1.0
tweets1822.xml=0,0,1;0,1,0;-1.0
tweets1951.xml=1,0,0;1,0,0;-1.0
tweets684.xml=1,0,0;0,1,0;-1.0
tweets1585.xml=0,0,1;1,0,0;-1.0
tweets2899.xml=0,0,1;1,0,0;-1.0
tweets1077.xml=0,0,1;0,0,1;-1.0
tweets431.xml=0,1,0;0,1,0;-1.0
tweets2182.xml=0,0,1;1,0,0;-1.0
tweets560.xml=0,0,1;1,0,0;-1.0
tweets2009.xml=0,0,1;0,0,1;-1.0
tweets1332.xml=0,1,0;0,1,0;-1.0
tweets2646.xml=1,0,0;1,0,0;-1.0
tweets1461.xml=0,0,1;0,1,0;-1.0
tweets194.xml=0,0,1;1,0,0;-1.0
tweets2775.xml=0,0,1;1,0,0;-1.0
tweets658.xml=0,0,1;0,0,1;-1.0
tweets1925.xml=1,0,0;0,1,0;-1.0
tweets787.xml=0,0,1;0,1,0;-1.0
tweets1688.xml=0,0,1;0,0,1;-1.0
tweets2522.xml=0,0,1;1,0,0;-1.0
tweets405.xml=1,0,0;1,0,0;-1.0
tweets2156.xml=0,1,0;1,0,0;-1.0
tweets534.xml=0,0,1;1,0,0;-1.0
tweets2285.xml=1,0,0;1,0,0;-1.0
tweets1306.xml=1,0,0;0,1,0;-1.0
tweets168.xml=0,0,1;1,0,0;-1.0
tweets1435.xml=0,0,1;0,1,0;-1.0
tweets2749.xml=1,0,0;1,0,0;-1.0
tweets1564.xml=0,0,1;1,0,0;-1.0
tweets297.xml=1,0,0;1,0,0;-1.0
tweets1198.xml=0,1,0;0,1,0;-1.0
tweets2032.xml=1,0,0;1,0,0;-1.0
tweets681.xml=0,0,1;0,0,1;-1.0
tweets508.xml=0,0,1;1,0,0;-1.0
tweets2259.xml=0,0,1;1,0,0;-1.0
tweets1582.xml=1,0,0;1,0,0;-1.0
tweets2896.xml=1,0,0;1,0,0;-1.0
tweets1074.xml=0,0,1;0,1,0;-1.0
tweets1409.xml=0,0,1;0,1,0;-1.0
tweets1538.xml=0,0,1;1,0,0;-1.0
tweets2006.xml=0,0,1;1,0,0;-1.0
tweets2643.xml=0,1,0;0,1,0;-1.0
tweets191.xml=1,0,0;0,0,1;-1.0
tweets2772.xml=0,0,1;1,0,0;-1.0
tweets655.xml=0,0,1;0,1,0;-1.0
tweets1922.xml=0,0,1;0,0,1;-1.0
tweets784.xml=0,0,1;0,0,1;-1.0
tweets1048.xml=1,0,0;0,1,0;-1.0
tweets1685.xml=1,0,0;1,0,0;-1.0
tweets402.xml=0,0,1;0,0,1;-1.0
tweets2153.xml=1,0,0;1,0,0;-1.0
tweets531.xml=0,0,1;1,0,0;-1.0
tweets2282.xml=0,0,1;1,0,0;-1.0
tweets1303.xml=1,0,0;1,0,0;-1.0
tweets2617.xml=0,0,1;0,0,1;-1.0
tweets165.xml=1,0,0;1,0,0;-1.0
tweets1432.xml=0,1,0;0,0,1;-1.0
tweets2746.xml=1,0,0;0,0,1;-1.0
tweets294.xml=1,0,0;1,0,0;-1.0
tweets1561.xml=1,0,0;1,0,0;-1.0
tweets629.xml=0,0,1;0,1,0;-1.0
tweets758.xml=0,0,1;0,1,0;-1.0
tweets1195.xml=1,0,0;0,1,0;-1.0
tweets1659.xml=0,0,1;1,0,0;-1.0
tweets1788.xml=0,0,1;0,1,0;-1.0
tweets2127.xml=1,0,0;1,0,0;-1.0
tweets505.xml=0,1,0;1,0,0;-1.0
tweets2256.xml=1,0,0;0,0,1;-1.0
tweets1071.xml=0,0,1;0,1,0;-1.0
tweets2893.xml=0,0,1;1,0,0;-1.0
tweets1406.xml=1,0,0;1,0,0;-1.0
tweets139.xml=0,0,1;1,0,0;-1.0
tweets268.xml=1,0,0;1,0,0;-1.0
tweets1535.xml=1,0,0;1,0,0;-1.0
tweets1169.xml=0,0,1;0,0,1;-1.0
tweets1298.xml=1,0,0;1,0,0;-1.0
tweets2003.xml=1,0,0;0,0,1;-1.0
tweets2640.xml=0,0,1;0,1,0;-1.0
tweets652.xml=0,1,0;0,1,0;-1.0
tweets781.xml=0,0,1;0,0,1;-1.0
tweets2867.xml=1,0,0;1,0,0;-1.0
tweets1045.xml=0,0,1;0,1,0;-1.0
tweets2359.xml=0,0,1;1,0,0;-1.0
tweets1682.xml=0,1,0;0,1,0;-1.0
tweets1509.xml=0,0,1;1,0,0;-1.0
tweets879.xml=0,0,1;0,1,0;-1.0
tweets2150.xml=0,0,1;1,0,0;-1.0
tweets1300.xml=0,0,1;0,0,1;-1.0
tweets2614.xml=0,0,1;1,0,0;-1.0
tweets162.xml=0,0,1;0,0,1;-1.0
tweets2743.xml=1,0,0;1,0,0;-1.0
tweets291.xml=0,0,1;0,0,1;-1.0
tweets626.xml=0,0,1;0,1,0;-1.0
tweets755.xml=0,0,1;0,1,0;-1.0
tweets1192.xml=1,0,0;0,1,0;-1.0
tweets1019.xml=0,1,0;0,1,0;-1.0
tweets1656.xml=0,1,0;1,0,0;-1.0
tweets389.xml=0,0,1;0,0,1;-1.0
tweets1785.xml=0,0,1;0,1,0;-1.0
tweets2124.xml=0,0,1;1,0,0;-1.0
tweets502.xml=0,1,0;1,0,0;-1.0
tweets2253.xml=0,0,1;0,0,1;-1.0
tweets2890.xml=0,0,1;1,0,0;-1.0
tweets1403.xml=1,0,0;1,0,0;-1.0
tweets136.xml=1,0,0;1,0,0;-1.0
tweets2717.xml=0,0,1;0,0,1;-1.0
tweets265.xml=1,0,0;1,0,0;-1.0
tweets1532.xml=1,0,0;1,0,0;-1.0
tweets729.xml=0,0,1;0,0,1;-1.0
tweets1166.xml=0,0,1;1,0,0;-1.0
tweets2000.xml=0,0,1;0,0,1;-1.0
tweets1295.xml=0,0,1;0,0,1;-1.0
tweets1759.xml=0,0,1;0,0,1;-1.0
tweets2227.xml=0,0,1;1,0,0;-1.0
tweets2864.xml=1,0,0;1,0,0;-1.0
tweets1042.xml=0,0,1;0,1,0;-1.0
tweets2356.xml=0,0,1;0,0,1;-1.0
tweets1506.xml=0,1,0;1,0,0;-1.0
tweets239.xml=1,0,0;1,0,0;-1.0
tweets876.xml=0,0,1;0,0,1;-1.0
tweets1269.xml=1,0,0;1,0,0;-1.0
tweets2611.xml=1,0,0;1,0,0;-1.0
tweets2740.xml=0,0,1;1,0,0;-1.0
tweets623.xml=0,0,1;1,0,0;-1.0
tweets752.xml=0,0,1;0,0,1;-1.0
tweets1016.xml=1,0,0;0,1,0;-1.0
tweets2838.xml=0,0,1;1,0,0;-1.0
tweets1653.xml=0,1,0;1,0,0;-1.0
tweets386.xml=0,1,0;0,0,1;-1.0
tweets1782.xml=0,0,1;1,0,0;-1.0
tweets2121.xml=0,0,1;1,0,0;-1.0
tweets979.xml=0,1,0;0,1,0;-1.0
tweets2250.xml=1,0,0;0,0,1;-1.0
tweets133.xml=0,0,1;1,0,0;-1.0
tweets1400.xml=0,0,1;1,0,0;-1.0
tweets2714.xml=0,1,0;0,0,1;-1.0
tweets262.xml=0,0,1;1,0,0;-1.0
tweets726.xml=0,0,1;0,1,0;-1.0
tweets1163.xml=0,0,1;0,0,1;-1.0
tweets2477.xml=0,0,1;0,1,0;-1.0
tweets1292.xml=0,0,1;0,1,0;-1.0
tweets1627.xml=1,0,0;0,0,1;-1.0
tweets1756.xml=0,0,1;1,0,0;-1.0
tweets489.xml=1,0,0;1,0,0;-1.0
tweets2224.xml=1,0,0;1,0,0;-1.0
tweets2861.xml=1,0,0;1,0,0;-1.0
tweets2353.xml=1,0,0;0,1,0;-1.0
tweets107.xml=0,0,1;1,0,0;-1.0
tweets1503.xml=0,0,1;1,0,0;-1.0
tweets236.xml=1,0,0;1,0,0;-1.0
tweets873.xml=0,1,0;0,1,0;-1.0
tweets2817.xml=0,1,0;1,0,0;-1.0
tweets1137.xml=1,0,0;1,0,0;-1.0
tweets1266.xml=1,0,0;0,0,1;-1.0
tweets620.xml=0,0,1;0,1,0;-1.0
tweets1013.xml=0,0,1;0,1,0;-1.0
tweets2835.xml=0,0,1;1,0,0;-1.0
tweets383.xml=0,0,1;0,1,0;-1.0
tweets2327.xml=0,0,1;1,0,0;-1.0
tweets1650.xml=0,0,1;1,0,0;-1.0
tweets847.xml=0,1,0;0,1,0;-1.0
tweets976.xml=0,0,1;0,0,1;-1.0
tweets1877.xml=1,0,0;0,1,0;-1.0
tweets130.xml=0,0,1;0,0,1;-1.0
tweets2711.xml=0,0,1;0,0,1;-1.0
tweets723.xml=0,0,1;0,0,1;-1.0
tweets1160.xml=0,1,0;0,1,0;-1.0
tweets2474.xml=1,0,0;0,0,1;-1.0
tweets1624.xml=1,0,0;1,0,0;-1.0
tweets357.xml=0,0,1;0,0,1;-1.0
tweets1753.xml=0,1,0;0,1,0;-1.0
tweets486.xml=1,0,0;0,1,0;-1.0
tweets1387.xml=0,0,1;0,0,1;-1.0
tweets2221.xml=0,0,1;0,0,1;-1.0
tweets2350.xml=1,0,0;0,1,0;-1.0
tweets104.xml=0,0,1;1,0,0;-1.0
tweets1500.xml=0,0,1;1,0,0;-1.0
tweets233.xml=1,0,0;1,0,0;-1.0
tweets870.xml=0,1,0;0,1,0;-1.0
tweets2814.xml=1,0,0;1,0,0;-1.0
tweets1134.xml=0,0,1;1,0,0;-1.0
tweets2448.xml=1,0,0;1,0,0;-1.0
tweets1263.xml=0,0,1;0,1,0;-1.0
tweets2577.xml=0,1,0;0,1,0;-1.0
tweets1727.xml=0,0,1;1,0,0;-1.0
tweets589.xml=0,0,1;0,1,0;-1.0
tweets2832.xml=0,0,1;1,0,0;-1.0
tweets1010.xml=0,0,1;0,1,0;-1.0
tweets380.xml=1,0,0;1,0,0;-1.0
tweets2324.xml=1,0,0;1,0,0;-1.0
tweets207.xml=1,0,0;1,0,0;-1.0
tweets844.xml=0,0,1;0,1,0;-1.0
tweets973.xml=0,0,1;0,1,0;-1.0
tweets2087.xml=0,0,1;1,0,0;-1.0
tweets1108.xml=0,0,1;0,0,1;-1.0
tweets1237.xml=0,1,0;0,1,0;-1.0
tweets1874.xml=0,0,1;1,0,0;-1.0
tweets720.xml=1,0,0;0,1,0;-1.0
tweets2471.xml=0,0,1;1,0,0;-1.0
tweets1621.xml=0,0,1;1,0,0;-1.0
tweets354.xml=0,0,1;0,1,0;-1.0
tweets483.xml=0,0,1;0,0,1;-1.0
tweets1750.xml=1,0,0;1,0,0;-1.0
tweets818.xml=0,0,1;0,0,1;-1.0
tweets1384.xml=1,0,0;0,1,0;-1.0
tweets947.xml=1,0,0;1,0,0;-1.0
tweets2698.xml=0,0,1;0,0,1;-1.0
tweets1848.xml=1,0,0;0,1,0;-1.0
tweets101.xml=0,1,0;1,0,0;-1.0
tweets1977.xml=0,0,1;0,1,0;-1.0
tweets230.xml=0,1,0;0,1,0;-1.0
tweets2811.xml=0,0,1;0,0,1;-1.0
tweets1131.xml=0,0,1;0,1,0;-1.0
tweets2445.xml=0,0,1;0,0,1;-1.0
tweets1260.xml=0,0,1;0,0,1;-1.0
tweets2574.xml=1,0,0;1,0,0;-1.0
tweets328.xml=0,1,0;0,1,0;-1.0
tweets2909.xml=1,0,0;1,0,0;-1.0
tweets1724.xml=0,0,1;1,0,0;-1.0
tweets457.xml=1,0,0;1,0,0;-1.0
tweets586.xml=1,0,0;1,0,0;-1.0
tweets1358.xml=0,0,1;1,0,0;-1.0
tweets1487.xml=0,0,1;1,0,0;-1.0
tweets2321.xml=0,1,0;0,1,0;-1.0
tweets204.xml=1,0,0;0,1,0;-1.0
tweets841.xml=0,0,1;0,1,0;-1.0
tweets970.xml=0,0,1;0,0,1;-1.0
tweets2084.xml=1,0,0;1,0,0;-1.0
tweets1105.xml=0,0,1;0,0,1;-1.0
tweets2419.xml=0,0,1;0,1,0;-1.0
tweets1234.xml=0,0,1;0,0,1;-1.0
tweets2548.xml=1,0,0;1,0,0;-1.0
tweets1871.xml=0,0,1;0,1,0;-1.0
tweets351.xml=0,0,1;0,0,1;-1.0
tweets480.xml=0,0,1;0,0,1;-1.0
tweets815.xml=0,1,0;0,0,1;-1.0
tweets307.xml=1,0,0;0,0,1;-1.0
tweets2058.xml=0,0,1;0,0,1;-1.0
tweets1381.xml=0,0,1;0,0,1;-1.0
tweets944.xml=1,0,0;0,1,0;-1.0
tweets2695.xml=1,0,0;1,0,0;-1.0
tweets1208.xml=0,0,1;0,0,1;-1.0
tweets1845.xml=0,0,1;1,0,0;-1.0
tweets1974.xml=0,0,1;0,0,1;-1.0
tweets2442.xml=1,0,0;1,0,0;-1.0
tweets2571.xml=0,1,0;0,1,0;-1.0
tweets325.xml=0,0,1;0,1,0;-1.0
tweets2906.xml=1,0,0;1,0,0;-1.0
tweets1721.xml=0,1,0;0,1,0;-1.0
tweets454.xml=0,0,1;0,1,0;-1.0
tweets583.xml=0,0,1;0,0,1;-1.0
tweets918.xml=0,1,0;0,1,0;-1.0
tweets1355.xml=1,0,0;0,0,1;-1.0
tweets2669.xml=0,0,1;0,0,1;-1.0
tweets1484.xml=1,0,0;1,0,0;-1.0
tweets2798.xml=0,0,1;0,1,0;-1.0
tweets1819.xml=0,0,1;0,1,0;-1.0
tweets1948.xml=0,0,1;0,0,1;-1.0
tweets201.xml=1,0,0;1,0,0;-1.0
tweets2081.xml=0,0,1;1,0,0;-1.0
tweets1102.xml=0,0,1;0,0,1;-1.0
tweets2416.xml=0,1,0;1,0,0;-1.0
tweets1231.xml=1,0,0;0,1,0;-1.0
tweets2545.xml=1,0,0;1,0,0;-1.0
tweets428.xml=0,1,0;0,1,0;-1.0
tweets2179.xml=0,1,0;1,0,0;-1.0
tweets557.xml=1,0,0;1,0,0;-1.0
tweets1329.xml=1,0,0;1,0,0;-1.0
tweets1458.xml=0,0,1;0,1,0;-1.0
tweets812.xml=1,0,0;0,1,0;-1.0
tweets304.xml=0,0,1;0,0,1;-1.0
tweets2055.xml=0,0,1;1,0,0;-1.0
tweets941.xml=0,1,0;0,1,0;-1.0
tweets2692.xml=0,0,1;1,0,0;-1.0
tweets1205.xml=0,0,1;0,1,0;-1.0
tweets2519.xml=0,0,1;0,1,0;-1.0
tweets1842.xml=0,0,1;0,1,0;-1.0
tweets1971.xml=0,0,1;0,0,1;-1.0
tweets1097.xml=0,0,1;0,0,1;-1.0
tweets322.xml=0,0,1;0,0,1;-1.0
tweets2903.xml=0,1,0;1,0,0;-1.0
tweets451.xml=1,0,0;1,0,0;-1.0
tweets580.xml=1,0,0;1,0,0;-1.0
tweets915.xml=1,0,0;0,1,0;-1.0
tweets2029.xml=1,0,0;0,0,1;-1.0
tweets1352.xml=0,0,1;1,0,0;-1.0
tweets2666.xml=1,0,0;0,0,1;-1.0
tweets1481.xml=0,1,0;1,0,0;-1.0
tweets2795.xml=0,0,1;0,0,1;-1.0
tweets1816.xml=0,0,1;0,1,0;-1.0
tweets1945.xml=0,0,1;0,0,1;-1.0
tweets678.xml=0,0,1;0,1,0;-1.0
tweets1579.xml=0,0,1;1,0,0;-1.0
tweets2413.xml=0,1,0;0,1,0;-1.0
tweets2542.xml=0,0,1;1,0,0;-1.0
tweets425.xml=0,0,1;0,1,0;-1.0
tweets2176.xml=0,0,1;1,0,0;-1.0
tweets554.xml=1,0,0;1,0,0;-1.0
tweets1326.xml=1,0,0;1,0,0;-1.0
tweets1455.xml=1,0,0;1,0,0;-1.0
tweets188.xml=0,0,1;1,0,0;-1.0
tweets2769.xml=1,0,0;1,0,0;-1.0
tweets1919.xml=0,1,0;0,0,1;-1.0
tweets301.xml=0,0,1;0,0,1;-1.0
tweets2052.xml=0,0,1;0,0,1;-1.0
tweets1202.xml=0,0,1;0,1,0;-1.0
tweets2516.xml=0,0,1;1,0,0;-1.0
tweets528.xml=0,0,1;1,0,0;-1.0
tweets2279.xml=0,1,0;1,0,0;-1.0
tweets1094.xml=1,0,0;0,0,1;-1.0
tweets1429.xml=1,0,0;1,0,0;-1.0
tweets1558.xml=0,0,1;1,0,0;-1.0
tweets2900.xml=1,0,0;1,0,0;-1.0
tweets912.xml=0,0,1;0,0,1;-1.0
tweets2026.xml=1,0,0;1,0,0;-1.0
tweets2663.xml=0,0,1;0,0,1;-1.0
tweets2792.xml=0,1,0;0,1,0;-1.0
tweets1813.xml=0,0,1;1,0,0;-1.0
tweets675.xml=0,0,1;0,0,1;-1.0
tweets1942.xml=0,0,1;0,0,1;-1.0
tweets1576.xml=1,0,0;1,0,0;-1.0
tweets1068.xml=1,0,0;0,1,0;-1.0
tweets2410.xml=0,0,1;0,0,1;-1.0
tweets422.xml=0,0,1;1,0,0;-1.0
tweets2173.xml=1,0,0;1,0,0;-1.0
tweets551.xml=0,0,1;1,0,0;-1.0
tweets1323.xml=0,1,0;0,1,0;-1.0
tweets2637.xml=0,0,1;1,0,0;-1.0
tweets1452.xml=0,0,1;0,0,1;-1.0
tweets185.xml=1,0,0;1,0,0;-1.0
tweets2766.xml=0,0,1;1,0,0;-1.0
tweets1916.xml=0,0,1;0,1,0;-1.0
tweets649.xml=0,0,1;0,0,1;-1.0
tweets778.xml=0,0,1;0,1,0;-1.0
tweets1679.xml=0,1,0;0,1,0;-1.0
tweets2513.xml=1,0,0;1,0,0;-1.0
tweets2147.xml=0,0,1;1,0,0;-1.0
tweets525.xml=0,0,1;1,0,0;-1.0
tweets2276.xml=0,0,1;1,0,0;-1.0
tweets1091.xml=1,0,0;0,1,0;-1.0
tweets1426.xml=0,1,0;0,1,0;-1.0
tweets159.xml=0,0,1;0,0,1;-1.0
tweets288.xml=0,0,1;1,0,0;-1.0
tweets1555.xml=1,0,0;1,0,0;-1.0
tweets1189.xml=1,0,0;0,1,0;-1.0
tweets2023.xml=0,0,1;0,0,1;-1.0
tweets2660.xml=1,0,0;1,0,0;-1.0
tweets1810.xml=1,0,0;1,0,0;-1.0
tweets672.xml=0,0,1;0,0,1;-1.0
tweets1573.xml=0,0,1;1,0,0;-1.0
tweets2887.xml=0,0,1;1,0,0;-1.0
tweets1065.xml=0,0,1;0,0,1;-1.0
tweets2379.xml=1,0,0;0,0,1;-1.0
tweets1529.xml=0,1,0;1,0,0;-1.0
tweets899.xml=0,0,1;0,1,0;-1.0
tweets2170.xml=0,0,1;1,0,0;-1.0
tweets1320.xml=1,0,0;1,0,0;-1.0
tweets2634.xml=0,1,0;0,1,0;-1.0
tweets182.xml=1,0,0;1,0,0;-1.0
tweets2763.xml=0,0,1;0,0,1;-1.0
tweets1913.xml=1,0,0;0,1,0;-1.0
tweets646.xml=1,0,0;0,0,1;-1.0
tweets2397.xml=1,0,0;1,0,0;-1.0
tweets775.xml=0,1,0;0,1,0;-1.0
tweets1039.xml=0,0,1;0,1,0;-1.0
tweets1676.xml=0,1,0;0,1,0;-1.0
tweets2510.xml=1,0,0;0,1,0;-1.0
tweets2144.xml=1,0,0;1,0,0;-1.0
tweets522.xml=0,0,1;1,0,0;-1.0
tweets2273.xml=0,0,1;1,0,0;-1.0
tweets2608.xml=1,0,0;0,0,1;-1.0
tweets1423.xml=0,0,1;0,0,1;-1.0
tweets156.xml=0,0,1;0,0,1;-1.0
tweets2737.xml=1,0,0;0,1,0;-1.0
tweets1552.xml=1,0,0;1,0,0;-1.0
tweets285.xml=0,0,1;0,0,1;-1.0
tweets749.xml=0,0,1;0,0,1;-1.0
tweets1186.xml=0,1,0;0,1,0;-1.0
tweets2020.xml=0,1,0;0,0,1;-1.0
tweets1779.xml=1,0,0;0,0,1;-1.0
tweets2118.xml=1,0,0;1,0,0;-1.0
tweets1570.xml=0,0,1;1,0,0;-1.0
tweets2247.xml=1,0,0;0,0,1;-1.0
tweets1062.xml=0,0,1;1,0,0;-1.0
tweets2884.xml=1,0,0;1,0,0;-1.0
tweets2376.xml=0,0,1;0,0,1;-1.0
tweets1526.xml=0,0,1;1,0,0;-1.0
tweets259.xml=1,0,0;0,1,0;-1.0
tweets896.xml=0,0,1;0,0,1;-1.0
tweets1289.xml=1,0,0;0,0,1;-1.0
tweets2631.xml=0,0,1;0,0,1;-1.0
tweets2760.xml=1,0,0;0,0,1;-1.0
tweets1910.xml=0,0,1;1,0,0;-1.0
tweets643.xml=0,0,1;0,0,1;-1.0
tweets2394.xml=1,0,0;1,0,0;-1.0
tweets772.xml=0,0,1;0,1,0;-1.0
tweets1036.xml=0,0,1;0,1,0;-1.0
tweets2858.xml=1,0,0;1,0,0;-1.0
tweets1673.xml=0,0,1;0,1,0;-1.0
tweets2141.xml=0,0,1;1,0,0;-1.0
tweets999.xml=1,0,0;0,0,1;-1.0
tweets2270.xml=0,0,1;1,0,0;-1.0
tweets2605.xml=0,1,0;1,0,0;-1.0
tweets1420.xml=0,0,1;0,1,0;-1.0
tweets153.xml=0,0,1;0,1,0;-1.0
tweets2734.xml=0,1,0;1,0,0;-1.0
tweets282.xml=0,1,0;0,0,1;-1.0
tweets617.xml=0,0,1;0,1,0;-1.0
tweets746.xml=0,1,0;0,1,0;-1.0
tweets1183.xml=1,0,0;1,0,0;-1.0
tweets2497.xml=0,1,0;0,1,0;-1.0
tweets1647.xml=0,1,0;1,0,0;-1.0
tweets1776.xml=0,0,1;1,0,0;-1.0
tweets2115.xml=1,0,0;1,0,0;-1.0
tweets2244.xml=0,0,1;0,0,1;-1.0
tweets2881.xml=0,0,1;1,0,0;-1.0
tweets2373.xml=0,0,1;1,0,0;-1.0
tweets127.xml=0,0,1;1,0,0;-1.0
tweets2708.xml=1,0,0;1,0,0;-1.0
tweets1523.xml=0,0,1;1,0,0;-1.0
tweets256.xml=0,0,1;1,0,0;-1.0
tweets893.xml=1,0,0;0,1,0;-1.0
tweets1157.xml=1,0,0;1,0,0;-1.0
tweets1286.xml=0,0,1;1,0,0;-1.0
tweets640.xml=0,0,1;0,1,0;-1.0
tweets2391.xml=1,0,0;0,0,1;-1.0
tweets2218.xml=0,0,1;0,0,1;-1.0
tweets2855.xml=1,0,0;1,0,0;-1.0
tweets1033.xml=0,0,1;1,0,0;-1.0
tweets1670.xml=0,0,1;1,0,0;-1.0
tweets2347.xml=1,0,0;0,0,1;-1.0
tweets867.xml=0,0,1;0,0,1;-1.0
tweets996.xml=0,0,1;0,0,1;-1.0
tweets1897.xml=0,0,1;1,0,0;-1.0
tweets2602.xml=0,0,1;0,0,1;-1.0
tweets150.xml=0,0,1;0,1,0;-1.0
tweets2731.xml=1,0,0;0,0,1;-1.0
tweets614.xml=0,0,1;0,1,0;-1.0
tweets743.xml=1,0,0;0,0,1;-1.0
tweets1180.xml=1,0,0;0,1,0;-1.0
tweets2494.xml=0,0,1;0,1,0;-1.0
tweets1007.xml=0,0,1;0,1,0;-1.0
tweets1644.xml=0,1,0;1,0,0;-1.0
tweets377.xml=1,0,0;1,0,0;-1.0
tweets1773.xml=0,0,1;1,0,0;-1.0
tweets2112.xml=0,0,1;1,0,0;-1.0
tweets2241.xml=0,0,1;0,0,1;-1.0
tweets2370.xml=1,0,0;1,0,0;-1.0
tweets124.xml=0,0,1;1,0,0;-1.0
tweets2705.xml=0,0,1;0,0,1;-1.0
tweets1520.xml=0,0,1;1,0,0;-1.0
tweets253.xml=0,1,0;0,0,1;-1.0
tweets890.xml=0,1,0;0,1,0;-1.0
tweets717.xml=0,0,1;0,0,1;-1.0
tweets1154.xml=0,0,1;1,0,0;-1.0
tweets2468.xml=0,0,1;0,1,0;-1.0
tweets1283.xml=1,0,0;0,1,0;-1.0
tweets2597.xml=0,0,1;1,0,0;-1.0
tweets1618.xml=1,0,0;1,0,0;-1.0
tweets1747.xml=1,0,0;0,0,1;-1.0
tweets2215.xml=1,0,0;0,1,0;-1.0
tweets1030.xml=0,0,1;0,1,0;-1.0
tweets2852.xml=0,0,1;1,0,0;-1.0
tweets2344.xml=0,0,1;0,0,1;-1.0
tweets227.xml=1,0,0;1,0,0;-1.0
tweets2808.xml=0,0,1;0,0,1;-1.0
tweets864.xml=0,0,1;0,1,0;-1.0
tweets993.xml=0,1,0;0,1,0;-1.0
tweets1128.xml=1,0,0;0,1,0;-1.0
tweets1257.xml=0,0,1;0,0,1;-1.0
tweets1894.xml=0,0,1;1,0,0;-1.0
tweets611.xml=1,0,0;1,0,0;-1.0
tweets740.xml=0,0,1;0,1,0;-1.0
tweets2491.xml=1,0,0;0,0,1;-1.0
tweets1004.xml=0,0,1;0,1,0;-1.0
tweets2318.xml=1,0,0;1,0,0;-1.0
tweets1641.xml=0,0,1;0,1,0;-1.0
tweets374.xml=0,0,1;0,0,1;-1.0
tweets1770.xml=0,1,0;0,0,1;-1.0
tweets838.xml=0,0,1;0,0,1;-1.0
tweets967.xml=0,0,1;0,0,1;-1.0
tweets1868.xml=0,0,1;0,0,1;-1.0
tweets121.xml=1,0,0;1,0,0;-1.0
tweets1997.xml=1,0,0;0,0,1;-1.0
tweets2702.xml=1,0,0;0,0,1;-1.0
tweets250.xml=0,0,1;1,0,0;-1.0
tweets714.xml=0,0,1;0,0,1;-1.0
tweets1151.xml=1,0,0;1,0,0;-1.0
tweets2465.xml=1,0,0;1,0,0;-1.0
tweets1280.xml=0,0,1;0,1,0;-1.0
tweets2594.xml=1,0,0;1,0,0;-1.0
tweets348.xml=0,0,1;0,0,1;-1.0
tweets1615.xml=0,1,0;1,0,0;-1.0
tweets1744.xml=0,0,1;0,0,1;-1.0
tweets477.xml=0,0,1;0,1,0;-1.0
tweets1378.xml=0,0,1;1,0,0;-1.0
tweets2212.xml=0,1,0;1,0,0;-1.0
tweets2341.xml=0,1,0;0,1,0;-1.0
tweets224.xml=1,0,0;1,0,0;-1.0
tweets2805.xml=0,0,1;0,1,0;-1.0
tweets861.xml=0,0,1;0,0,1;-1.0
tweets990.xml=0,0,1;0,0,1;-1.0
tweets1125.xml=0,1,0;0,0,1;-1.0
tweets2439.xml=1,0,0;0,0,1;-1.0
tweets1254.xml=0,0,1;0,1,0;-1.0
tweets2568.xml=1,0,0;0,1,0;-1.0
tweets1891.xml=0,0,1;0,0,1;-1.0
tweets1718.xml=0,0,1;0,0,1;-1.0
tweets1001.xml=0,0,1;0,1,0;-1.0
tweets371.xml=1,0,0;1,0,0;-1.0
tweets2315.xml=0,0,1;1,0,0;-1.0
tweets835.xml=0,0,1;0,0,1;-1.0
tweets964.xml=0,0,1;0,1,0;-1.0
tweets2078.xml=1,0,0;0,1,0;-1.0
tweets1228.xml=0,0,1;0,1,0;-1.0
tweets1865.xml=0,0,1;0,0,1;-1.0
tweets1994.xml=1,0,0;0,1,0;-1.0
tweets711.xml=0,0,1;0,0,1;-1.0
tweets2462.xml=0,0,1;0,1,0;-1.0
tweets2591.xml=1,0,0;1,0,0;-1.0
tweets345.xml=0,1,0;0,0,1;-1.0
tweets1612.xml=0,0,1;0,0,1;-1.0
tweets1741.xml=1,0,0;0,0,1;-1.0
tweets474.xml=0,0,1;0,0,1;-1.0
tweets809.xml=0,0,1;0,0,1;-1.0
tweets938.xml=1,0,0;0,0,1;-1.0
tweets1375.xml=0,0,1;0,0,1;-1.0
tweets2689.xml=0,0,1;0,0,1;-1.0
tweets1839.xml=1,0,0;1,0,0;-1.0
tweets1968.xml=0,0,1;0,0,1;-1.0
tweets221.xml=0,0,1;1,0,0;-1.0
tweets2802.xml=0,0,1;0,1,0;-1.0
tweets1122.xml=1,0,0;1,0,0;-1.0
tweets2436.xml=0,0,1;0,0,1;-1.0
tweets1251.xml=0,1,0;0,1,0;-1.0
tweets2565.xml=1,0,0;1,0,0;-1.0
tweets319.xml=0,0,1;0,0,1;-1.0
tweets448.xml=0,0,1;0,0,1;-1.0
tweets1715.xml=0,0,1;0,1,0;-1.0
tweets2199.xml=1,0,0;1,0,0;-1.0
tweets577.xml=0,0,1;1,0,0;-1.0
tweets1349.xml=0,0,1;0,1,0;-1.0
tweets1478.xml=0,1,0;1,0,0;-1.0
tweets2312.xml=1,0,0;1,0,0;-1.0
tweets832.xml=0,1,0;0,1,0;-1.0
tweets961.xml=0,1,0;0,0,1;-1.0
tweets2075.xml=0,0,1;0,0,1;-1.0
tweets1225.xml=0,1,0;1,0,0;-1.0
tweets2539.xml=0,0,1;1,0,0;-1.0
tweets1862.xml=0,0,1;1,0,0;-1.0
tweets1991.xml=0,0,1;0,0,1;-1.0
tweets342.xml=0,1,0;0,1,0;-1.0
tweets471.xml=0,0,1;0,1,0;-1.0
tweets806.xml=0,0,1;0,0,1;-1.0
tweets935.xml=0,0,1;0,1,0;-1.0
tweets2049.xml=1,0,0;1,0,0;-1.0
tweets1372.xml=0,0,1;0,1,0;-1.0
tweets2686.xml=0,1,0;0,1,0;-1.0
tweets1836.xml=1,0,0;1,0,0;-1.0
tweets1965.xml=0,0,1;0,1,0;-1.0
tweets698.xml=0,1,0;0,1,0;-1.0
tweets1599.xml=1,0,0;1,0,0;-1.0
tweets2433.xml=0,0,1;0,1,0;-1.0
tweets2562.xml=1,0,0;1,0,0;-1.0
tweets445.xml=1,0,0;1,0,0;-1.0
tweets1712.xml=0,0,1;1,0,0;-1.0
tweets2196.xml=0,1,0;1,0,0;-1.0
tweets574.xml=0,0,1;1,0,0;-1.0
tweets1346.xml=1,0,0;0,1,0;-1.0
tweets909.xml=1,0,0;0,0,1;-1.0
tweets1475.xml=1,0,0;1,0,0;-1.0
tweets2789.xml=0,0,1;0,0,1;-1.0
tweets1939.xml=0,0,1;0,0,1;-1.0
tweets2072.xml=1,0,0;1,0,0;-1.0
tweets2407.xml=0,0,1;0,0,1;-1.0
tweets1222.xml=1,0,0;0,1,0;-1.0
tweets2536.xml=1,0,0;1,0,0;-1.0
tweets419.xml=0,0,1;1,0,0;-1.0
tweets548.xml=0,0,1;1,0,0;-1.0
tweets2299.xml=0,0,1;1,0,0;-1.0
tweets1449.xml=0,0,1;1,0,0;-1.0
tweets803.xml=0,0,1;0,0,1;-1.0
tweets2046.xml=0,0,1;1,0,0;-1.0
tweets932.xml=0,1,0;0,0,1;-1.0
tweets2683.xml=1,0,0;0,0,1;-1.0
tweets1833.xml=0,0,1;0,0,1;-1.0
tweets1962.xml=1,0,0;1,0,0;-1.0
tweets695.xml=1,0,0;0,0,1;-1.0
tweets1596.xml=0,0,1;1,0,0;-1.0
tweets1088.xml=0,0,1;0,1,0;-1.0
tweets2430.xml=1,0,0;0,1,0;-1.0
tweets442.xml=0,1,0;0,1,0;-1.0
tweets2193.xml=1,0,0;1,0,0;-1.0
tweets571.xml=1,0,0;1,0,0;-1.0
tweets906.xml=0,0,1;1,0,0;-1.0
tweets1343.xml=1,0,0;1,0,0;-1.0
tweets2657.xml=0,0,1;1,0,0;-1.0
tweets1472.xml=1,0,0;0,1,0;-1.0
tweets2786.xml=0,0,1;1,0,0;-1.0
tweets1807.xml=0,0,1;1,0,0;-1.0
tweets669.xml=1,0,0;0,1,0;-1.0
tweets1936.xml=0,1,0;0,0,1;-1.0
tweets798.xml=0,0,1;0,1,0;-1.0
tweets2404.xml=0,0,1;0,1,0;-1.0
tweets1699.xml=1,0,0;1,0,0;-1.0
tweets2533.xml=0,0,1;1,0,0;-1.0
tweets416.xml=1,0,0;1,0,0;-1.0
tweets2167.xml=0,0,1;1,0,0;-1.0
tweets545.xml=1,0,0;1,0,0;-1.0
tweets2296.xml=1,0,0;1,0,0;-1.0
tweets1317.xml=0,0,1;1,0,0;-1.0
tweets1446.xml=1,0,0;1,0,0;-1.0
tweets179.xml=0,0,1;0,1,0;-1.0
tweets800.xml=0,0,1;0,0,1;-1.0
tweets2043.xml=0,0,1;1,0,0;-1.0
tweets2680.xml=0,1,0;1,0,0;-1.0
tweets1830.xml=1,0,0;0,1,0;-1.0
tweets2507.xml=1,0,0;0,1,0;-1.0
tweets692.xml=0,0,1;0,1,0;-1.0
tweets519.xml=0,0,1;1,0,0;-1.0
tweets1593.xml=0,0,1;1,0,0;-1.0
tweets1085.xml=1,0,0;1,0,0;-1.0
tweets1549.xml=1,0,0;1,0,0;-1.0
tweets2190.xml=1,0,0;1,0,0;-1.0
tweets2017.xml=0,0,1;0,0,1;-1.0
tweets903.xml=0,0,1;1,0,0;-1.0
tweets1340.xml=0,0,1;0,1,0;-1.0
tweets2654.xml=0,0,1;0,0,1;-1.0
tweets2783.xml=1,0,0;1,0,0;-1.0
tweets1804.xml=0,1,0;1,0,0;-1.0
tweets666.xml=1,0,0;0,0,1;-1.0
tweets1933.xml=1,0,0;1,0,0;-1.0
tweets795.xml=0,0,1;0,0,1;-1.0
tweets1059.xml=0,0,1;0,1,0;-1.0
tweets2401.xml=1,0,0;0,0,1;-1.0
tweets1696.xml=0,0,1;1,0,0;-1.0
tweets2530.xml=0,0,1;1,0,0;-1.0
tweets413.xml=1,0,0;0,1,0;-1.0
tweets2164.xml=0,0,1;1,0,0;-1.0
tweets542.xml=0,0,1;1,0,0;-1.0
tweets2293.xml=0,0,1;1,0,0;-1.0
tweets1314.xml=1,0,0;1,0,0;-1.0
tweets2628.xml=1,0,0;0,0,1;-1.0
tweets176.xml=0,0,1;1,0,0;-1.0
tweets1443.xml=0,0,1;1,0,0;-1.0
tweets2757.xml=0,0,1;1,0,0;-1.0
tweets1907.xml=0,0,1;0,1,0;-1.0
tweets769.xml=0,0,1;0,0,1;-1.0
tweets2040.xml=1,0,0;0,0,1;-1.0
tweets1799.xml=0,1,0;0,1,0;-1.0
tweets2504.xml=0,0,1;1,0,0;-1.0
tweets2138.xml=0,0,1;1,0,0;-1.0
tweets516.xml=0,0,1;1,0,0;-1.0
tweets2267.xml=0,0,1;1,0,0;-1.0
tweets1590.xml=0,0,1;1,0,0;-1.0
tweets1082.xml=1,0,0;0,0,1;-1.0
tweets1417.xml=0,0,1;1,0,0;-1.0
tweets1546.xml=0,0,1;1,0,0;-1.0
tweets279.xml=0,0,1;0,0,1;-1.0
tweets900.xml=0,0,1;0,1,0;-1.0
tweets2014.xml=0,0,1;0,0,1;-1.0
tweets2651.xml=0,0,1;0,1,0;-1.0
tweets2780.xml=0,0,1;1,0,0;-1.0
tweets1801.xml=0,0,1;1,0,0;-1.0
tweets663.xml=0,0,1;0,1,0;-1.0
tweets1930.xml=1,0,0;1,0,0;-1.0
tweets792.xml=0,0,1;0,1,0;-1.0
tweets2878.xml=1,0,0;1,0,0;-1.0
tweets1056.xml=0,0,1;0,1,0;-1.0
tweets1693.xml=0,0,1;0,0,1;-1.0
tweets410.xml=0,1,0;1,0,0;-1.0
tweets2161.xml=1,0,0;1,0,0;-1.0
tweets2290.xml=0,0,1;1,0,0;-1.0
tweets1311.xml=1,0,0;0,0,1;-1.0
tweets2625.xml=0,1,0;0,0,1;-1.0
tweets173.xml=0,0,1;1,0,0;-1.0
tweets1440.xml=1,0,0;1,0,0;-1.0
tweets2754.xml=0,0,1;0,0,1;-1.0
tweets1904.xml=0,0,1;0,1,0;-1.0
tweets637.xml=0,0,1;0,1,0;-1.0
tweets2388.xml=0,0,1;0,0,1;-1.0
tweets766.xml=0,0,1;0,1,0;-1.0
tweets1667.xml=0,0,1;1,0,0;-1.0
tweets2501.xml=1,0,0;0,0,1;-1.0
tweets1796.xml=1,0,0;0,1,0;-1.0
tweets2135.xml=0,0,1;1,0,0;-1.0
tweets513.xml=0,0,1;1,0,0;-1.0
tweets2264.xml=0,0,1;0,0,1;-1.0
tweets1414.xml=1,0,0;0,0,1;-1.0
tweets147.xml=1,0,0;0,1,0;-1.0
tweets2728.xml=1,0,0;1,0,0;-1.0
tweets276.xml=1,0,0;1,0,0;-1.0
tweets1543.xml=0,0,1;1,0,0;-1.0
tweets1177.xml=1,0,0;1,0,0;-1.0
tweets2011.xml=0,0,1;0,0,1;-1.0
tweets660.xml=0,0,1;1,0,0;-1.0
tweets2109.xml=1,0,0;1,0,0;-1.0
tweets2238.xml=1,0,0;1,0,0;-1.0
tweets2875.xml=1,0,0;1,0,0;-1.0
tweets1053.xml=1,0,0;0,1,0;-1.0
tweets2367.xml=0,1,0;0,1,0;-1.0
tweets1690.xml=1,0,0;0,1,0;-1.0
tweets1517.xml=1,0,0;1,0,0;-1.0
tweets887.xml=0,1,0;0,0,1;-1.0
tweets2622.xml=0,0,1;0,0,1;-1.0
tweets170.xml=1,0,0;1,0,0;-1.0
tweets2751.xml=0,1,0;0,0,1;-1.0
tweets1901.xml=1,0,0;1,0,0;-1.0
tweets634.xml=1,0,0;0,1,0;-1.0
tweets2385.xml=0,0,1;0,0,1;-1.0
tweets763.xml=0,0,1;0,0,1;-1.0
tweets2849.xml=0,0,1;1,0,0;-1.0
tweets1027.xml=1,0,0;0,1,0;-1.0
tweets1664.xml=0,0,1;1,0,0;-1.0
tweets397.xml=0,0,1;1,0,0;-1.0
tweets1793.xml=1,0,0;0,1,0;-1.0
tweets2132.xml=0,1,0;1,0,0;-1.0
tweets510.xml=0,0,1;1,0,0;-1.0
tweets2261.xml=1,0,0;0,0,1;-1.0
tweets1411.xml=0,0,1;0,0,1;-1.0
tweets144.xml=1,0,0;1,0,0;-1.0
tweets2725.xml=0,0,1;0,1,0;-1.0
tweets273.xml=0,0,1;0,0,1;-1.0
tweets1540.xml=0,0,1;1,0,0;-1.0
tweets608.xml=1,0,0;1,0,0;-1.0
tweets1174.xml=0,0,1;1,0,0;-1.0
tweets737.xml=0,0,1;0,0,1;-1.0
tweets2488.xml=0,0,1;0,0,1;-1.0
tweets1638.xml=1,0,0;1,0,0;-1.0
tweets1767.xml=0,0,1;1,0,0;-1.0
tweets2106.xml=1,0,0;1,0,0;-1.0
tweets2235.xml=1,0,0;1,0,0;-1.0
tweets2872.xml=0,0,1;1,0,0;-1.0
tweets1050.xml=0,0,1;0,0,1;-1.0
tweets2364.xml=0,0,1;1,0,0;-1.0
tweets118.xml=0,0,1;1,0,0;-1.0
tweets1514.xml=1,0,0;1,0,0;-1.0
tweets247.xml=0,1,0;1,0,0;-1.0
tweets884.xml=0,0,1;0,0,1;-1.0
tweets2828.xml=0,0,1;0,1,0;-1.0
tweets1148.xml=0,0,1;0,0,1;-1.0
tweets1277.xml=0,0,1;1,0,0;-1.0
tweets631.xml=0,0,1;0,1,0;-1.0
tweets2382.xml=1,0,0;1,0,0;-1.0
tweets760.xml=0,0,1;0,1,0;-1.0
tweets2209.xml=0,0,1;1,0,0;-1.0
tweets1024.xml=1,0,0;0,1,0;-1.0
tweets2846.xml=0,1,0;1,0,0;-1.0
tweets394.xml=0,0,1;0,0,1;-1.0
tweets2338.xml=0,1,0;0,1,0;-1.0
tweets1661.xml=0,1,0;1,0,0;-1.0
tweets1790.xml=0,1,0;0,1,0;-1.0
tweets858.xml=0,0,1;0,0,1;-1.0
tweets987.xml=0,0,1;0,0,1;-1.0
tweets1888.xml=0,1,0;0,0,1;-1.0
tweets141.xml=0,0,1;1,0,0;-1.0
tweets2722.xml=1,0,0;1,0,0;-1.0
tweets270.xml=1,0,0;1,0,0;-1.0
tweets605.xml=0,0,1;1,0,0;-1.0
tweets734.xml=1,0,0;0,0,1;-1.0
tweets1171.xml=0,1,0;0,1,0;-1.0
tweets2485.xml=0,0,1;0,0,1;-1.0
tweets1635.xml=0,1,0;0,1,0;-1.0
tweets368.xml=1,0,0;0,0,1;-1.0
tweets1764.xml=0,0,1;0,0,1;-1.0
tweets497.xml=0,0,1;1,0,0;-1.0
tweets1398.xml=0,0,1;0,1,0;-1.0
tweets2103.xml=0,1,0;1,0,0;-1.0
tweets2232.xml=1,0,0;1,0,0;-1.0
tweets2361.xml=1,0,0;0,1,0;-1.0
tweets115.xml=0,0,1;1,0,0;-1.0
tweets1511.xml=0,1,0;1,0,0;-1.0
tweets244.xml=0,0,1;0,1,0;-1.0
tweets881.xml=0,0,1;0,1,0;-1.0
tweets2825.xml=1,0,0;0,1,0;-1.0
tweets708.xml=0,0,1;0,0,1;-1.0
tweets1145.xml=0,0,1;0,1,0;-1.0
tweets2459.xml=0,0,1;0,1,0;-1.0
tweets1274.xml=1,0,0;1,0,0;-1.0
tweets2588.xml=1,0,0;1,0,0;-1.0
tweets1609.xml=0,0,1;1,0,0;-1.0
tweets1738.xml=0,0,1;1,0,0;-1.0
tweets2206.xml=0,0,1;1,0,0;-1.0
tweets1021.xml=1,0,0;0,1,0;-1.0
tweets2843.xml=0,1,0;1,0,0;-1.0
tweets391.xml=1,0,0;1,0,0;-1.0
tweets2335.xml=0,0,1;1,0,0;-1.0
tweets218.xml=1,0,0;1,0,0;-1.0
tweets855.xml=0,0,1;0,1,0;-1.0
tweets984.xml=0,1,0;0,1,0;-1.0
tweets2098.xml=0,0,1;1,0,0;-1.0
tweets1119.xml=0,0,1;0,0,1;-1.0
tweets1248.xml=0,0,1;1,0,0;-1.0
tweets1885.xml=1,0,0;0,0,1;-1.0
tweets602.xml=0,0,1;1,0,0;-1.0
tweets731.xml=0,0,1;0,0,1;-1.0
tweets2482.xml=0,0,1;1,0,0;-1.0
tweets365.xml=0,0,1;0,0,1;-1.0
tweets2309.xml=0,0,1;1,0,0;-1.0
tweets1632.xml=0,0,1;1,0,0;-1.0
tweets1761.xml=0,1,0;1,0,0;-1.0
tweets494.xml=1,0,0;1,0,0;-1.0
tweets829.xml=0,0,1;0,1,0;-1.0
tweets958.xml=1,0,0;0,1,0;-1.0
tweets1395.xml=0,0,1;0,1,0;-1.0
tweets2100.xml=0,0,1;1,0,0;-1.0
tweets1859.xml=0,0,1;0,0,1;-1.0
tweets112.xml=0,1,0;1,0,0;-1.0
tweets1988.xml=1,0,0;1,0,0;-1.0
tweets241.xml=1,0,0;1,0,0;-1.0
tweets2822.xml=1,0,0;1,0,0;-1.0
tweets705.xml=0,0,1;0,1,0;-1.0
tweets1142.xml=0,1,0;1,0,0;-1.0
tweets2456.xml=1,0,0;1,0,0;-1.0
tweets1271.xml=0,1,0;0,1,0;-1.0
tweets2585.xml=0,0,1;0,0,1;-1.0
tweets1606.xml=1,0,0;0,1,0;-1.0
tweets339.xml=1,0,0;0,1,0;-1.0
tweets468.xml=0,0,1;0,1,0;-1.0
tweets1735.xml=1,0,0;1,0,0;-1.0
tweets597.xml=1,0,0;1,0,0;-1.0
tweets1369.xml=1,0,0;1,0,0;-1.0
tweets1498.xml=0,0,1;1,0,0;-1.0
tweets2203.xml=0,0,1;1,0,0;-1.0
tweets2840.xml=1,0,0;1,0,0;-1.0
tweets2332.xml=0,0,1;1,0,0;-1.0
tweets215.xml=1,0,0;1,0,0;-1.0
tweets852.xml=0,1,0;0,1,0;-1.0
tweets981.xml=0,1,0;0,0,1;-1.0
tweets2095.xml=1,0,0;1,0,0;-1.0
tweets1116.xml=0,0,1;1,0,0;-1.0
tweets1245.xml=1,0,0;0,1,0;-1.0
tweets2559.xml=0,0,1;1,0,0;-1.0
tweets1882.xml=1,0,0;0,0,1;-1.0
tweets1709.xml=0,0,1;0,1,0;-1.0
tweets2306.xml=0,0,1;1,0,0;-1.0
tweets362.xml=0,0,1;1,0,0;-1.0
tweets491.xml=1,0,0;1,0,0;-1.0
tweets826.xml=1,0,0;0,0,1;-1.0
tweets318.xml=1,0,0;0,0,1;-1.0
tweets2069.xml=0,0,1;0,1,0;-1.0
tweets1392.xml=1,0,0;0,1,0;-1.0
tweets955.xml=0,0,1;0,0,1;-1.0
tweets1219.xml=0,0,1;0,1,0;-1.0
tweets1856.xml=1,0,0;1,0,0;-1.0
tweets1985.xml=1,0,0;0,1,0;-1.0
tweets702.xml=0,0,1;0,0,1;-1.0
tweets2453.xml=1,0,0;1,0,0;-1.0
tweets2582.xml=1,0,0;1,0,0;-1.0
tweets336.xml=0,0,1;0,0,1;-1.0
tweets1603.xml=1,0,0;1,0,0;-1.0
tweets1732.xml=0,0,1;1,0,0;-1.0
tweets465.xml=0,0,1;0,1,0;-1.0
tweets594.xml=1,0,0;0,0,1;-1.0
tweets929.xml=0,0,1;0,1,0;-1.0
tweets1366.xml=1,0,0;0,0,1;-1.0
tweets1495.xml=0,0,1;1,0,0;-1.0
tweets2200.xml=0,0,1;1,0,0;-1.0
tweets1959.xml=1,0,0;0,0,1;-1.0
tweets212.xml=0,0,1;0,0,1;-1.0
tweets2092.xml=0,1,0;1,0,0;-1.0
tweets1113.xml=0,0,1;0,0,1;-1.0
tweets2427.xml=1,0,0;0,1,0;-1.0
tweets1242.xml=0,0,1;0,0,1;-1.0
tweets2556.xml=0,0,1;0,1,0;-1.0
tweets1706.xml=0,0,1;1,0,0;-1.0
tweets439.xml=0,0,1;0,1,0;-1.0
tweets568.xml=0,0,1;1,0,0;-1.0
tweets1469.xml=0,0,1;1,0,0;-1.0
tweets2303.xml=0,0,1;1,0,0;-1.0
tweets823.xml=0,1,0;0,0,1;-1.0
tweets315.xml=0,0,1;0,0,1;-1.0
tweets952.xml=0,0,1;0,0,1;-1.0
tweets2066.xml=1,0,0;1,0,0;-1.0
tweets1216.xml=0,0,1;0,0,1;-1.0
tweets1853.xml=0,0,1;1,0,0;-1.0
tweets1982.xml=0,0,1;1,0,0;-1.0
tweets2450.xml=1,0,0;0,1,0;-1.0
tweets333.xml=0,1,0;0,1,0;-1.0
tweets1600.xml=1,0,0;1,0,0;-1.0
tweets2914.xml=1,0,0;1,0,0;-1.0
tweets462.xml=0,0,1;1,0,0;-1.0
tweets591.xml=0,0,1;1,0,0;-1.0
tweets1363.xml=0,1,0;0,1,0;-1.0
tweets926.xml=0,1,0;0,1,0;-1.0
tweets2677.xml=1,0,0;0,1,0;-1.0
tweets1492.xml=0,0,1;1,0,0;-1.0
tweets1827.xml=1,0,0;0,1,0;-1.0
tweets689.xml=1,0,0;0,0,1;-1.0
tweets1956.xml=1,0,0;0,0,1;-1.0
tweets1110.xml=0,0,1;1,0,0;-1.0
tweets2424.xml=0,0,1;0,0,1;-1.0
tweets2553.xml=0,0,1;1,0,0;-1.0
tweets436.xml=0,0,1;0,0,1;-1.0
tweets1703.xml=1,0,0;0,1,0;-1.0
tweets2187.xml=0,0,1;1,0,0;-1.0
tweets565.xml=0,0,1;1,0,0;-1.0
tweets1337.xml=1,0,0;1,0,0;-1.0
tweets199.xml=1,0,0;1,0,0;-1.0
tweets1466.xml=0,0,1;0,1,0;-1.0
tweets2300.xml=0,0,1;1,0,0;-1.0
tweets820.xml=0,1,0;0,1,0;-1.0
tweets312.xml=1,0,0;1,0,0;-1.0
tweets2063.xml=0,0,1;0,0,1;-1.0
tweets1213.xml=0,1,0;0,0,1;-1.0
tweets2527.xml=0,0,1;1,0,0;-1.0
tweets1850.xml=0,0,1;0,1,0;-1.0
tweets539.xml=1,0,0;1,0,0;-1.0
tweets1569.xml=0,0,1;1,0,0;-1.0
tweets330.xml=0,0,1;0,1,0;-1.0
tweets2911.xml=1,0,0;1,0,0;-1.0
tweets923.xml=0,0,1;0,0,1;-1.0
tweets2037.xml=0,0,1;0,1,0;-1.0
tweets1360.xml=1,0,0;1,0,0;-1.0
tweets2674.xml=0,0,1;0,0,1;-1.0
tweets1824.xml=1,0,0;0,0,1;-1.0
tweets686.xml=0,1,0;0,0,1;-1.0
tweets1953.xml=0,1,0;0,0,1;-1.0
tweets1587.xml=0,0,1;1,0,0;-1.0
tweets1079.xml=1,0,0;1,0,0;-1.0
tweets2421.xml=0,0,1;0,0,1;-1.0
tweets2550.xml=1,0,0;1,0,0;-1.0
tweets433.xml=1,0,0;1,0,0;-1.0
tweets1700.xml=1,0,0;0,1,0;-1.0
tweets2184.xml=0,0,1;1,0,0;-1.0
tweets562.xml=0,1,0;1,0,0;-1.0
tweets1334.xml=0,0,1;0,1,0;-1.0
tweets2648.xml=0,0,1;0,0,1;-1.0
tweets196.xml=0,0,1;1,0,0;-1.0
tweets1463.xml=1,0,0;0,1,0;-1.0
tweets2777.xml=1,0,0;1,0,0;-1.0
tweets1927.xml=1,0,0;1,0,0;-1.0
tweets789.xml=0,0,1;0,1,0;-1.0
tweets2060.xml=0,1,0;0,0,1;-1.0
tweets1210.xml=0,1,0;0,0,1;-1.0
tweets2524.xml=1,0,0;1,0,0;-1.0
tweets407.xml=1,0,0;0,1,0;-1.0
tweets2158.xml=1,0,0;1,0,0;-1.0
tweets536.xml=1,0,0;1,0,0;-1.0
tweets2287.xml=0,0,1;1,0,0;-1.0
tweets1308.xml=1,0,0;0,1,0;-1.0
tweets1437.xml=1,0,0;1,0,0;-1.0
tweets299.xml=1,0,0;1,0,0;-1.0
tweets1566.xml=0,0,1;1,0,0;-1.0
tweets920.xml=0,0,1;0,1,0;-1.0
tweets2034.xml=0,0,1;0,0,1;-1.0
tweets2671.xml=0,1,0;0,0,1;-1.0
tweets1821.xml=0,1,0;1,0,0;-1.0
tweets1950.xml=1,0,0;1,0,0;-1.0
tweets683.xml=0,0,1;0,1,0;-1.0
tweets1584.xml=1,0,0;1,0,0;-1.0
tweets2898.xml=0,0,1;1,0,0;-1.0
tweets1076.xml=0,1,0;0,1,0;-1.0
tweets430.xml=0,1,0;0,1,0;-1.0
tweets2181.xml=0,0,1;1,0,0;-1.0
tweets2008.xml=0,0,1;1,0,0;-1.0
tweets1331.xml=0,0,1;0,0,1;-1.0
tweets2645.xml=1,0,0;1,0,0;-1.0
tweets1460.xml=0,0,1;0,0,1;-1.0
tweets193.xml=0,0,1;1,0,0;-1.0
tweets2774.xml=0,0,1;0,0,1;-1.0
tweets1924.xml=1,0,0;0,1,0;-1.0
tweets657.xml=0,1,0;0,1,0;-1.0
tweets786.xml=0,1,0;0,1,0;-1.0
tweets1687.xml=0,0,1;1,0,0;-1.0
tweets2521.xml=1,0,0;1,0,0;-1.0
tweets404.xml=1,0,0;1,0,0;-1.0
tweets2155.xml=1,0,0;1,0,0;-1.0
tweets533.xml=1,0,0;1,0,0;-1.0
tweets2284.xml=1,0,0;1,0,0;-1.0
tweets1305.xml=0,0,1;1,0,0;-1.0
tweets2619.xml=1,0,0;1,0,0;-1.0
tweets1434.xml=1,0,0;1,0,0;-1.0
tweets167.xml=1,0,0;1,0,0;-1.0
tweets2748.xml=1,0,0;1,0,0;-1.0
tweets296.xml=0,0,1;1,0,0;-1.0
tweets1563.xml=1,0,0;1,0,0;-1.0
tweets1197.xml=0,0,1;0,0,1;-1.0
tweets2031.xml=0,0,1;0,0,1;-1.0
tweets680.xml=0,0,1;0,0,1;-1.0
tweets2129.xml=0,0,1;1,0,0;-1.0
tweets507.xml=1,0,0;1,0,0;-1.0
tweets2258.xml=1,0,0;0,0,1;-1.0
tweets1581.xml=1,0,0;1,0,0;-1.0
tweets1073.xml=1,0,0;0,1,0;-1.0
tweets2895.xml=0,0,1;1,0,0;-1.0
tweets1408.xml=0,0,1;1,0,0;-1.0
tweets1537.xml=0,0,1;1,0,0;-1.0
tweets2005.xml=0,0,1;0,1,0;-1.0
tweets2642.xml=0,0,1;1,0,0;-1.0
tweets190.xml=1,0,0;1,0,0;-1.0
tweets2771.xml=1,0,0;1,0,0;-1.0
tweets1921.xml=0,0,1;0,1,0;-1.0
tweets654.xml=0,0,1;0,1,0;-1.0
tweets783.xml=1,0,0;0,0,1;-1.0
tweets2869.xml=0,0,1;1,0,0;-1.0
tweets1047.xml=0,0,1;0,0,1;-1.0
tweets1684.xml=0,0,1;0,0,1;-1.0
tweets401.xml=0,1,0;1,0,0;-1.0
tweets2152.xml=1,0,0;1,0,0;-1.0
tweets530.xml=1,0,0;1,0,0;-1.0
tweets2281.xml=0,0,1;1,0,0;-1.0
tweets1302.xml=0,0,1;0,0,1;-1.0
tweets2616.xml=0,0,1;1,0,0;-1.0
tweets164.xml=1,0,0;0,0,1;-1.0
tweets1431.xml=1,0,0;1,0,0;-1.0
tweets2745.xml=1,0,0;1,0,0;-1.0
tweets1560.xml=1,0,0;1,0,0;-1.0
tweets293.xml=0,0,1;1,0,0;-1.0
tweets628.xml=0,1,0;0,1,0;-1.0
tweets757.xml=0,1,0;0,1,0;-1.0
tweets1194.xml=1,0,0;0,1,0;-1.0
tweets1658.xml=0,0,1;1,0,0;-1.0
tweets1787.xml=0,1,0;0,1,0;-1.0
tweets2126.xml=0,0,1;1,0,0;-1.0
tweets504.xml=0,0,1;1,0,0;-1.0
tweets2255.xml=1,0,0;1,0,0;-1.0
tweets2892.xml=0,0,1;1,0,0;-1.0
tweets1070.xml=0,0,1;0,1,0;-1.0
tweets138.xml=0,0,1;1,0,0;-1.0
tweets1405.xml=1,0,0;1,0,0;-1.0
tweets2719.xml=0,0,1;1,0,0;-1.0
tweets1534.xml=0,0,1;1,0,0;-1.0
tweets267.xml=0,1,0;1,0,0;-1.0
tweets1168.xml=1,0,0;0,0,1;-1.0
tweets1297.xml=0,0,1;0,0,1;-1.0
tweets2002.xml=1,0,0;0,0,1;-1.0
tweets651.xml=0,0,1;0,1,0;-1.0
tweets780.xml=0,0,1;0,0,1;-1.0
tweets2229.xml=1,0,0;1,0,0;-1.0
tweets1044.xml=0,0,1;0,1,0;-1.0
tweets2866.xml=1,0,0;1,0,0;-1.0
tweets2358.xml=1,0,0;1,0,0;-1.0
tweets1681.xml=0,0,1;0,0,1;-1.0
tweets1508.xml=1,0,0;1,0,0;-1.0
tweets878.xml=0,1,0;0,1,0;-1.0
tweets2613.xml=0,0,1;0,0,1;-1.0
tweets161.xml=1,0,0;1,0,0;-1.0
tweets2742.xml=0,1,0;0,0,1;-1.0
tweets290.xml=0,0,1;1,0,0;-1.0
tweets625.xml=1,0,0;0,1,0;-1.0
tweets1191.xml=0,1,0;0,1,0;-1.0
tweets754.xml=0,0,1;0,0,1;-1.0
tweets1018.xml=1,0,0;0,1,0;-1.0
tweets1655.xml=0,0,1;1,0,0;-1.0
tweets388.xml=1,0,0;1,0,0;-1.0
tweets1784.xml=1,0,0;0,0,1;-1.0
tweets2123.xml=0,0,1;1,0,0;-1.0
tweets501.xml=1,0,0;1,0,0;-1.0
tweets2252.xml=0,0,1;0,0,1;-1.0
tweets1402.xml=0,0,1;1,0,0;-1.0
tweets135.xml=1,0,0;0,0,1;-1.0
tweets2716.xml=0,1,0;0,1,0;-1.0
tweets1531.xml=0,0,1;1,0,0;-1.0
tweets264.xml=0,0,1;1,0,0;-1.0
tweets728.xml=0,0,1;0,1,0;-1.0
tweets1165.xml=0,0,1;0,0,1;-1.0
tweets2479.xml=0,0,1;1,0,0;-1.0
tweets1294.xml=0,0,1;0,0,1;-1.0
tweets1629.xml=0,0,1;0,1,0;-1.0
tweets1758.xml=0,0,1;0,0,1;-1.0
tweets2226.xml=1,0,0;1,0,0;-1.0
tweets2863.xml=1,0,0;1,0,0;-1.0
tweets1041.xml=0,0,1;0,0,1;-1.0
tweets2355.xml=0,0,1;1,0,0;-1.0
tweets109.xml=1,0,0;0,0,1;-1.0
tweets238.xml=0,0,1;1,0,0;-1.0
tweets1505.xml=0,0,1;1,0,0;-1.0
tweets2819.xml=0,0,1;0,1,0;-1.0
tweets875.xml=0,0,1;0,0,1;-1.0
tweets1139.xml=1,0,0;1,0,0;-1.0
tweets1268.xml=1,0,0;1,0,0;-1.0
tweets2610.xml=1,0,0;1,0,0;-1.0
tweets622.xml=1,0,0;0,1,0;-1.0
tweets751.xml=1,0,0;0,0,1;-1.0
tweets2837.xml=0,0,1;1,0,0;-1.0
tweets1015.xml=1,0,0;0,1,0;-1.0
tweets1652.xml=0,0,1;1,0,0;-1.0
tweets2329.xml=1,0,0;1,0,0;-1.0
tweets385.xml=0,1,0;0,0,1;-1.0
tweets1781.xml=0,0,1;1,0,0;-1.0
tweets849.xml=0,0,1;0,1,0;-1.0
tweets2120.xml=0,0,1;1,0,0;-1.0
tweets978.xml=0,0,1;0,0,1;-1.0
tweets1879.xml=1,0,0;0,1,0;-1.0
tweets132.xml=1,0,0;1,0,0;-1.0
tweets2713.xml=0,0,1;0,0,1;-1.0
tweets261.xml=0,0,1;1,0,0;-1.0
tweets1162.xml=0,0,1;0,1,0;-1.0
tweets725.xml=0,0,1;0,1,0;-1.0
tweets2476.xml=1,0,0;1,0,0;-1.0
tweets1291.xml=1,0,0;1,0,0;-1.0
tweets1626.xml=0,1,0;0,0,1;-1.0
tweets359.xml=0,0,1;1,0,0;-1.0
tweets1755.xml=1,0,0;1,0,0;-1.0
tweets488.xml=1,0,0;0,0,1;-1.0
tweets1389.xml=1,0,0;0,0,1;-1.0
tweets2223.xml=1,0,0;1,0,0;-1.0
tweets2860.xml=0,0,1;1,0,0;-1.0
tweets2352.xml=0,0,1;0,1,0;-1.0
tweets106.xml=0,0,1;1,0,0;-1.0
tweets1502.xml=0,0,1;1,0,0;-1.0
tweets235.xml=0,0,1;1,0,0;-1.0
tweets2816.xml=0,0,1;0,1,0;-1.0
tweets872.xml=0,1,0;0,1,0;-1.0
tweets1136.xml=0,0,1;0,1,0;-1.0
tweets1265.xml=1,0,0;1,0,0;-1.0
tweets2579.xml=1,0,0;1,0,0;-1.0
tweets1729.xml=0,1,0;0,1,0;-1.0
tweets1012.xml=1,0,0;1,0,0;-1.0
tweets2834.xml=1,0,0;0,0,1;-1.0
tweets382.xml=0,0,1;0,0,1;-1.0
tweets2326.xml=1,0,0;0,1,0;-1.0
tweets209.xml=0,0,1;0,1,0;-1.0
tweets846.xml=0,1,0;0,1,0;-1.0
tweets975.xml=0,0,1;0,1,0;-1.0
tweets2089.xml=1,0,0;1,0,0;-1.0
tweets1239.xml=1,0,0;0,1,0;-1.0
tweets1876.xml=1,0,0;0,0,1;-1.0
tweets2710.xml=1,0,0;1,0,0;-1.0
tweets722.xml=1,0,0;0,1,0;-1.0
tweets2473.xml=0,1,0;1,0,0;-1.0
tweets356.xml=0,1,0;0,1,0;-1.0
tweets1623.xml=1,0,0;1,0,0;-1.0
tweets485.xml=1,0,0;0,0,1;-1.0
tweets1752.xml=0,1,0;0,1,0;-1.0
tweets1386.xml=0,0,1;0,0,1;-1.0
tweets949.xml=0,0,1;1,0,0;-1.0
tweets2220.xml=0,0,1;1,0,0;-1.0
tweets103.xml=0,0,1;1,0,0;-1.0
tweets1979.xml=1,0,0;0,0,1;-1.0
tweets232.xml=1,0,0;1,0,0;-1.0
tweets2813.xml=0,0,1;1,0,0;-1.0
tweets1133.xml=0,0,1;0,1,0;-1.0
tweets2447.xml=1,0,0;1,0,0;-1.0
tweets1262.xml=1,0,0;1,0,0;-1.0
tweets2576.xml=1,0,0;1,0,0;-1.0
tweets459.xml=0,0,1;1,0,0;-1.0
tweets1726.xml=1,0,0;1,0,0;-1.0
tweets588.xml=0,0,1;1,0,0;-1.0
tweets1489.xml=0,0,1;1,0,0;-1.0
tweets2831.xml=0,0,1;0,0,1;-1.0
tweets2323.xml=1,0,0;0,1,0;-1.0
tweets206.xml=1,0,0;1,0,0;-1.0
tweets843.xml=0,0,1;0,1,0;-1.0
tweets2086.xml=0,1,0;1,0,0;-1.0
tweets972.xml=0,1,0;0,0,1;-1.0
tweets1107.xml=0,0,1;0,0,1;-1.0
tweets1236.xml=0,1,0;0,1,0;-1.0
tweets1873.xml=0,0,1;0,0,1;-1.0
tweets2470.xml=0,1,0;0,1,0;-1.0
tweets353.xml=0,0,1;0,1,0;-1.0
tweets1620.xml=1,0,0;1,0,0;-1.0
tweets482.xml=0,1,0;1,0,0;-1.0
tweets817.xml=0,0,1;0,0,1;-1.0
tweets309.xml=0,0,1;1,0,0;-1.0
tweets946.xml=1,0,0;1,0,0;-1.0
tweets1383.xml=1,0,0;1,0,0;-1.0
tweets2697.xml=0,0,1;0,1,0;-1.0
tweets1847.xml=1,0,0;1,0,0;-1.0
tweets1976.xml=0,1,0;1,0,0;-1.0
tweets2810.xml=0,0,1;0,0,1;-1.0
tweets1130.xml=1,0,0;0,0,1;-1.0
tweets2444.xml=0,0,1;0,0,1;-1.0
tweets2573.xml=0,0,1;1,0,0;-1.0
tweets327.xml=1,0,0;0,1,0;-1.0
tweets2908.xml=0,0,1;1,0,0;-1.0
tweets456.xml=0,0,1;1,0,0;-1.0
tweets1723.xml=0,0,1;1,0,0;-1.0
tweets585.xml=0,0,1;1,0,0;-1.0
tweets1357.xml=0,0,1;0,0,1;-1.0
tweets1486.xml=0,0,1;1,0,0;-1.0
tweets2320.xml=1,0,0;0,0,1;-1.0
tweets203.xml=0,0,1;0,1,0;-1.0
tweets840.xml=1,0,0;0,1,0;-1.0
tweets2083.xml=0,0,1;1,0,0;-1.0
tweets1104.xml=0,1,0;0,1,0;-1.0
tweets2418.xml=0,0,1;0,1,0;-1.0
tweets1233.xml=1,0,0;1,0,0;-1.0
tweets2547.xml=0,0,1;0,0,1;-1.0
tweets1870.xml=0,0,1;1,0,0;-1.0
tweets559.xml=0,0,1;1,0,0;-1.0
tweets350.xml=0,0,1;0,1,0;-1.0
tweets814.xml=0,0,1;0,1,0;-1.0
tweets306.xml=0,0,1;1,0,0;-1.0
tweets943.xml=1,0,0;0,0,1;-1.0
tweets2057.xml=1,0,0;0,0,1;-1.0
tweets1380.xml=0,0,1;0,0,1;-1.0
tweets2694.xml=0,0,1;0,0,1;-1.0
tweets1207.xml=1,0,0;1,0,0;-1.0
tweets1844.xml=0,0,1;0,0,1;-1.0
tweets1973.xml=1,0,0;0,0,1;-1.0
tweets1099.xml=1,0,0;0,1,0;-1.0
tweets2441.xml=0,0,1;0,0,1;-1.0
tweets2570.xml=0,1,0;0,1,0;-1.0
tweets324.xml=1,0,0;0,0,1;-1.0
tweets2905.xml=1,0,0;1,0,0;-1.0
tweets1720.xml=0,0,1;1,0,0;-1.0
tweets453.xml=0,0,1;0,0,1;-1.0
tweets582.xml=0,0,1;0,0,1;-1.0
tweets917.xml=0,0,1;0,0,1;-1.0
tweets1354.xml=0,1,0;0,1,0;-1.0
tweets2668.xml=0,0,1;1,0,0;-1.0
tweets1483.xml=1,0,0;1,0,0;-1.0
tweets2797.xml=0,0,1;0,1,0;-1.0
tweets1818.xml=0,0,1;1,0,0;-1.0
tweets1947.xml=0,1,0;0,0,1;-1.0
tweets200.xml=0,1,0;0,1,0;-1.0
tweets2080.xml=1,0,0;0,1,0;-1.0
tweets1101.xml=0,1,0;0,0,1;-1.0
tweets2415.xml=0,1,0;1,0,0;-1.0
tweets1230.xml=0,0,1;0,1,0;-1.0
tweets2544.xml=1,0,0;1,0,0;-1.0
tweets427.xml=0,1,0;0,1,0;-1.0
tweets2178.xml=1,0,0;1,0,0;-1.0
tweets556.xml=1,0,0;1,0,0;-1.0
tweets1328.xml=0,0,1;0,0,1;-1.0
tweets1457.xml=0,1,0;0,1,0;-1.0
tweets811.xml=1,0,0;0,1,0;-1.0
tweets303.xml=0,1,0;0,0,1;-1.0
tweets2054.xml=1,0,0;1,0,0;-1.0
tweets940.xml=0,0,1;0,0,1;-1.0
tweets2691.xml=1,0,0;1,0,0;-1.0
tweets1204.xml=0,1,0;1,0,0;-1.0
tweets2518.xml=1,0,0;1,0,0;-1.0
tweets1841.xml=1,0,0;1,0,0;-1.0
tweets1970.xml=1,0,0;0,0,1;-1.0
tweets1096.xml=0,0,1;1,0,0;-1.0
tweets321.xml=1,0,0;0,0,1;-1.0
tweets2902.xml=1,0,0;1,0,0;-1.0
tweets450.xml=0,0,1;0,1,0;-1.0
tweets914.xml=0,1,0;0,1,0;-1.0
tweets2028.xml=1,0,0;0,1,0;-1.0
tweets1351.xml=0,0,1;0,1,0;-1.0
tweets2665.xml=0,0,1;1,0,0;-1.0
tweets1480.xml=0,0,1;1,0,0;-1.0
tweets2794.xml=0,0,1;1,0,0;-1.0
tweets1815.xml=1,0,0;0,0,1;-1.0
tweets1944.xml=0,0,1;0,0,1;-1.0
tweets677.xml=0,0,1;0,1,0;-1.0
tweets1578.xml=1,0,0;1,0,0;-1.0
tweets2412.xml=0,0,1;1,0,0;-1.0
tweets2541.xml=1,0,0;1,0,0;-1.0
tweets424.xml=1,0,0;0,0,1;-1.0
tweets2175.xml=0,0,1;1,0,0;-1.0
tweets553.xml=0,0,1;1,0,0;-1.0
tweets1325.xml=0,0,1;0,0,1;-1.0
tweets2639.xml=0,0,1;1,0,0;-1.0
tweets187.xml=0,0,1;0,0,1;-1.0
tweets1454.xml=0,0,1;1,0,0;-1.0
tweets2768.xml=1,0,0;1,0,0;-1.0
tweets1918.xml=0,1,0;0,0,1;-1.0
tweets300.xml=0,0,1;0,1,0;-1.0
tweets2051.xml=1,0,0;0,0,1;-1.0
tweets1201.xml=0,1,0;0,0,1;-1.0
tweets2515.xml=0,0,1;0,0,1;-1.0
tweets2149.xml=0,0,1;1,0,0;-1.0
tweets527.xml=1,0,0;1,0,0;-1.0
tweets2278.xml=0,1,0;1,0,0;-1.0
tweets1093.xml=0,1,0;0,1,0;-1.0
tweets1428.xml=0,1,0;0,1,0;-1.0
tweets1557.xml=1,0,0;1,0,0;-1.0
tweets911.xml=0,0,1;0,0,1;-1.0
tweets2025.xml=1,0,0;0,0,1;-1.0
tweets2662.xml=0,1,0;0,0,1;-1.0
tweets2791.xml=1,0,0;0,1,0;-1.0
tweets1812.xml=0,0,1;0,1,0;-1.0
tweets674.xml=0,0,1;0,0,1;-1.0
tweets1941.xml=1,0,0;0,0,1;-1.0
tweets1575.xml=0,0,1;1,0,0;-1.0
tweets1067.xml=0,0,1;1,0,0;-1.0
tweets2889.xml=0,0,1;1,0,0;-1.0
tweets421.xml=1,0,0;1,0,0;-1.0
tweets2172.xml=1,0,0;1,0,0;-1.0
tweets550.xml=0,0,1;1,0,0;-1.0
tweets1322.xml=0,0,1;1,0,0;-1.0
tweets2636.xml=1,0,0;1,0,0;-1.0
tweets184.xml=0,0,1;0,0,1;-1.0
tweets1451.xml=1,0,0;1,0,0;-1.0
tweets2765.xml=0,0,1;0,0,1;-1.0
tweets1915.xml=1,0,0;1,0,0;-1.0
tweets648.xml=1,0,0;0,0,1;-1.0
tweets2399.xml=0,0,1;0,1,0;-1.0
tweets777.xml=0,0,1;0,1,0;-1.0
tweets1678.xml=1,0,0;1,0,0;-1.0
tweets2512.xml=1,0,0;1,0,0;-1.0
tweets2146.xml=0,0,1;1,0,0;-1.0
tweets524.xml=0,0,1;1,0,0;-1.0
tweets2275.xml=0,0,1;1,0,0;-1.0
tweets1090.xml=1,0,0;0,1,0;-1.0
tweets158.xml=1,0,0;0,1,0;-1.0
tweets1425.xml=1,0,0;1,0,0;-1.0
tweets2739.xml=1,0,0;0,1,0;-1.0
tweets1554.xml=0,0,1;1,0,0;-1.0
tweets287.xml=0,1,0;0,1,0;-1.0
tweets1188.xml=1,0,0;1,0,0;-1.0
tweets2022.xml=0,0,1;1,0,0;-1.0
tweets671.xml=0,0,1;0,0,1;-1.0
tweets1572.xml=0,1,0;1,0,0;-1.0
tweets2249.xml=1,0,0;1,0,0;-1.0
tweets1064.xml=0,1,0;0,1,0;-1.0
tweets2886.xml=1,0,0;1,0,0;-1.0
tweets2378.xml=0,0,1;0,0,1;-1.0
tweets1528.xml=0,0,1;1,0,0;-1.0
tweets898.xml=1,0,0;0,0,1;-1.0
tweets2633.xml=1,0,0;0,0,1;-1.0
tweets181.xml=0,0,1;1,0,0;-1.0
tweets2762.xml=1,0,0;1,0,0;-1.0
tweets1912.xml=0,1,0;1,0,0;-1.0
tweets645.xml=0,0,1;0,1,0;-1.0
tweets2396.xml=0,0,1;0,0,1;-1.0
tweets774.xml=0,1,0;0,0,1;-1.0
tweets1038.xml=0,0,1;0,1,0;-1.0
tweets1675.xml=1,0,0;0,0,1;-1.0
tweets2143.xml=0,1,0;1,0,0;-1.0
tweets521.xml=0,0,1;1,0,0;-1.0
tweets2272.xml=0,0,1;1,0,0;-1.0
tweets2607.xml=0,0,1;1,0,0;-1.0
tweets1422.xml=1,0,0;1,0,0;-1.0
tweets155.xml=1,0,0;1,0,0;-1.0
tweets2736.xml=1,0,0;1,0,0;-1.0
tweets284.xml=1,0,0;1,0,0;-1.0
tweets1551.xml=1,0,0;1,0,0;-1.0
tweets619.xml=0,0,1;0,1,0;-1.0
tweets1185.xml=0,0,1;1,0,0;-1.0
tweets748.xml=0,0,1;0,1,0;-1.0
tweets2499.xml=0,0,1;0,1,0;-1.0
tweets1649.xml=0,0,1;1,0,0;-1.0
tweets1778.xml=0,0,1;1,0,0;-1.0
tweets2117.xml=0,1,0;1,0,0;-1.0
tweets2246.xml=0,0,1;1,0,0;-1.0
tweets1061.xml=0,0,1;0,0,1;-1.0
tweets2883.xml=0,1,0;1,0,0;-1.0
tweets2375.xml=0,0,1;1,0,0;-1.0
tweets129.xml=0,0,1;1,0,0;-1.0
tweets1525.xml=0,0,1;1,0,0;-1.0
tweets258.xml=0,1,0;1,0,0;-1.0
tweets895.xml=0,1,0;0,1,0;-1.0
tweets1159.xml=0,0,1;1,0,0;-1.0
tweets1288.xml=1,0,0;1,0,0;-1.0
tweets2630.xml=0,0,1;1,0,0;-1.0
tweets642.xml=0,1,0;0,1,0;-1.0
tweets2393.xml=1,0,0;1,0,0;-1.0
tweets771.xml=1,0,0;0,1,0;-1.0
tweets2857.xml=0,0,1;1,0,0;-1.0
tweets1035.xml=0,0,1;0,1,0;-1.0
tweets1672.xml=0,1,0;1,0,0;-1.0
tweets2349.xml=0,0,1;0,0,1;-1.0
tweets869.xml=0,0,1;0,1,0;-1.0
tweets2140.xml=1,0,0;1,0,0;-1.0
tweets998.xml=0,1,0;0,0,1;-1.0
tweets2604.xml=0,0,1;0,0,1;-1.0
tweets1899.xml=1,0,0;0,0,1;-1.0
tweets152.xml=1,0,0;1,0,0;-1.0
tweets2733.xml=0,0,1;1,0,0;-1.0
tweets281.xml=1,0,0;0,0,1;-1.0
tweets616.xml=0,1,0;0,1,0;-1.0
tweets1182.xml=0,0,1;1,0,0;-1.0
tweets745.xml=0,0,1;0,0,1;-1.0
tweets2496.xml=0,1,0;0,1,0;-1.0
tweets1009.xml=1,0,0;0,1,0;-1.0
tweets379.xml=0,0,1;0,0,1;-1.0
tweets1646.xml=0,0,1;1,0,0;-1.0
tweets1775.xml=1,0,0;1,0,0;-1.0
tweets2114.xml=0,1,0;1,0,0;-1.0
tweets2243.xml=0,0,1;0,0,1;-1.0
tweets2880.xml=0,0,1;1,0,0;-1.0
tweets2372.xml=1,0,0;1,0,0;-1.0
tweets126.xml=0,1,0;0,1,0;-1.0
tweets2707.xml=1,0,0;0,0,1;-1.0
tweets1522.xml=1,0,0;1,0,0;-1.0
tweets255.xml=0,0,1;1,0,0;-1.0
tweets892.xml=0,0,1;0,1,0;-1.0
